1.01156e-05,1.01539e-05,4.1833e-06,3.55898e-06,0.000344385,0.000345691,0.000142466,0.000121215,0.0784458,0.0787707,0.0343259,0.0296595,-0.00426165,-0.004278,-0.017827,-0.152156,-1.4334e-05,-1.43884e-05,-5.92775e-05,-0.000504306,8.29571e-05,8.32716e-05,0.000343076,0.00291876
1.01156e-05,1.01305e-05,1.62919e-06,8.06486e-07,0.000344385,0.000344894,5.5485e-05,2.74769e-05,0.0784458,0.0785692,0.0133918,0.0070529,-0.00426166,-0.00426803,-0.00694592,-0.0348421,-1.43337e-05,-1.43549e-05,-2.30834e-05,-0.000114256,8.2957e-05,8.30796e-05,0.000133613,0.000661435
1.01155e-05,1.0121e-05,5.98122e-07,-2.44614e-07,0.000344386,0.000344573,2.03715e-05,-8.31996e-06,0.0784458,0.0784912,0.00494291,-0.00160245,-0.00426166,-0.004264,-0.002553,0.00998651,-1.43334e-05,-1.43412e-05,-8.47271e-06,3.46874e-05,8.2957e-05,8.30021e-05,4.90541e-05,-0.000200584
1.01155e-05,0.000123073,0.0127251,-0.00176,0.000344386,0.000457401,0.0127313,-0.00178018,0.0784458,0.122008,0.76939,-0.0722223,-0.00426167,-0.00426235,-0.000737694,0.0255627,-1.43332e-05,-1.43355e-05,-2.43401e-06,8.63242e-05,8.2957e-05,-0.00176614,-1.27933,1.69072
0.000823474,0.00116218,0.0361337,-0.0271069,-0.000264253,6.39557e-05,0.0350968,-0.0281251,0.0887503,0.285916,2.15644,-1.5025,-0.00352821,-0.00352327,0.00539404,0.0796361,-0.000630468,-0.000634583,-0.00448974,-0.0429513,-0.000576991,-0.0261348,-3.69774,26.3283
0.0045596,0.00498525,0.0444153,-0.0643215,-0.00311469,-0.00274191,0.0394089,-0.0690285,0.142688,0.371931,2.46467,-3.78474,-0.000315445,-0.000262198,0.0592541,0.205734,-0.00342514,-0.0034702,-0.050143,-0.157634,-0.0035374,-0.0356718,-4.26975,66.0633
0.0101686,0.0106123,0.0460365,-0.104295,-0.00754217,-0.00719087,0.0372819,-0.112111,0.219725,0.438599,2.28774,-6.13901,0.00389797,0.00408279,0.20319,-0.489306,-0.00716512,-0.0073239,-0.175063,0.418112,-0.00772589,-0.0395341,-4.18255,108.236
0.0205792,0.0210415,0.0475566,-0.140507,-0.0161264,-0.0158252,0.030845,-0.155205,0.341217,0.506425,1.88342,-8.169,0.00970302,0.0100897,0.408791,-2.92958,-0.0124253,-0.0127682,-0.365949,2.53065,-0.0149298,-0.0430136,-3.8887,148.34
0.0326883,0.0331436,0.0470175,-0.1752,-0.0265249,-0.0262978,0.0246573,-0.193972,0.452934,0.585934,1.49342,-9.77736,0.0140247,0.014546,0.531371,-7.2384,-0.016617,-0.0170915,-0.489723,6.43901,-0.0227896,-0.0478319,-3.54854,185.059
0.0480966,0.0485451,0.0463671,-0.20677,-0.0401679,-0.0399999,0.018407,-0.229039,0.564655,0.669217,1.16454,-11.0216,0.017271,0.0177966,0.533234,-12.4136,-0.0202592,-0.0207528,-0.505522,11.1781,-0.0323096,-0.0542979,-3.21449,218.222
0.0711571,0.0708254,0.0491748,-0.231988,-0.06112,-0.0595402,0.0100643,-0.262773,0.690567,0.756022,0.924893,-11.971,0.0196649,0.0200601,0.413426,-17.0686,-0.0238079,-0.0242249,-0.434718,15.6255,-0.0458977,-0.0625973,-2.85064,247.921
0.0942107,0.0946997,0.0499379,-0.256685,-0.0824636,-0.0824423,0.00252417,-0.292594,0.784709,0.844296,0.7874,-12.7309,0.0209535,0.021163,0.225071,-20.2244,-0.0262072,-0.0264976,-0.309828,19.1657,-0.0589114,-0.0709261,-2.25115,273.281
0.120574,0.121058,0.049516,-0.280275,-0.1072,-0.107226,-0.00260558,-0.317208,0.868651,0.926714,0.716144,-13.3943,0.0224104,0.0224557,0.0481237,-21.4503,-0.028367,-0.0285315,-0.177941,21.4263,-0.0731305,-0.0767413,-1.29368,291.02
0.15401,0.154476,0.0476374,-0.298037,-0.139001,-0.139097,-0.0102365,-0.341789,0.953027,1.00767,0.684681,-14.0106,0.0248439,0.0248064,-0.0417368,-21.1298,-0.0309485,-0.0310188,-0.0762794,22.4285,-0.0900854,-0.0903598,-0.282826,297.763
0.195041,0.190459,0.0345492,-0.305839,-0.179168,-0.174265,-0.016478,-0.362706,1.03769,1.07968,0.655828,-14.6093,0.028441,0.0284113,-0.0117296,-20.3557,-0.0340778,-0.0341218,-0.0334763,22.5962,-0.109463,-0.106426,0.634046,294.718
0.23318,0.233115,0.0199967,-0.290632,-0.218519,-0.21848,-0.0269754,-0.385832,1.10645,1.14955,0.621025,-15.1795,0.0317417,0.0318113,0.0772544,-20.269,-0.0361025,-0.0361246,-0.0241817,22.652,-0.126512,-0.120503,1.45781,283.057
0.272693,0.272711,0.00149808,-0.260947,-0.262149,-0.262451,-0.0319852,-0.401587,1.1719,1.21521,0.574502,-15.7128,0.0346724,0.0348108,0.151541,-21.1452,-0.036337,-0.0363292,0.00921071,22.7983,-0.14355,-0.131735,2.13754,264.062
0.313071,0.312948,-0.0139458,-0.215438,-0.310567,-0.310913,-0.0362513,-0.414918,1.2349,1.27429,0.512023,-16.1998,0.0370479,0.0371911,0.155874,-22.5642,-0.0342761,-0.0341501,0.139986,22.4864,-0.160578,-0.143705,2.69122,238.935
0.360475,0.357799,-0.0189544,-0.153427,-0.373804,-0.371631,-0.0476828,-0.433924,1.30517,1.33154,0.445992,-16.6217,0.0388532,0.0389293,0.082313,-23.6834,-0.0293945,-0.0290348,0.383544,20.5325,-0.180318,-0.156775,3.15744,208.466
0.400379,0.400217,-0.0182375,-0.0903342,-0.433847,-0.434404,-0.0554734,-0.447894,1.36148,1.38507,0.389094,-16.9842,0.0396594,0.0396242,-0.0402542,-23.8973,-0.0240541,-0.0234289,0.619511,16.1224,-0.196773,-0.170597,3.48466,173.902
0.437037,0.436869,-0.0185678,-0.0343592,-0.495886,-0.496564,-0.0652421,-0.453519,1.4111,1.43309,0.34177,-17.3004,0.0405643,0.0404127,-0.166907,-22.8136,-0.0187821,-0.0179467,0.767948,9.67122,-0.21175,-0.184469,3.67243,136.724
0.478272,0.477746,-0.0115381,0.0222284,-0.574717,-0.575418,-0.100272,-0.452541,1.46487,1.48003,0.3081,-17.577,0.0420746,0.0418646,-0.228009,-20.5625,-0.012906,-0.0120017,0.810044,2.24915,-0.228446,-0.199367,3.7309,98.2056
0.511939,0.511884,-0.00626011,0.0675087,-0.646354,-0.648336,-0.128961,-0.415275,1.50742,1.52191,0.283901,-17.8296,0.0422537,0.0420602,-0.209979,-18.3022,-0.00843119,-0.00763937,0.736097,-5.1414,-0.241869,-0.213725,3.6828,59.6792
0.543833,0.543843,0.000882226,0.103299,-0.719914,-0.723355,-0.148726,-0.352153,1.54677,1.56071,0.264779,-18.0639,0.0394273,0.0392176,-0.22802,-16.5443,-0.00462033,-0.00403545,0.581652,-11.5014,-0.254195,-0.227707,3.55246,22.0526
0.572898,0.572961,0.00667321,0.127829,-0.791399,-0.795836,-0.150172,-0.272101,1.58177,1.59533,0.245823,-18.2848,0.0334188,0.033052,-0.389937,-14.3285,-0.00123636,-0.000896025,0.358785,-16.0443,-0.26488,-0.240779,3.35215,-13.8281
0.605569,0.604828,0.0161298,0.148389,-0.876463,-0.875904,-0.152096,-0.200363,1.6201,1.62775,0.227577,-18.4894,0.0236369,0.0229067,-0.711013,-10.1481,0.00315986,0.0032856,0.135298,-18.1499,-0.276042,-0.253685,3.04734,-47.2838
0.631871,0.632066,0.0209925,0.158347,-0.948087,-0.950128,-0.145712,-0.127812,1.65007,1.65764,0.209999,-18.678,0.0151569,0.0139518,-0.965631,-2.52547,0.00772137,0.00769854,-0.0266304,-18.1518,-0.284266,-0.266097,2.68375,-77.2085
0.656065,0.656273,0.0224785,0.160877,-1.01609,-1.01921,-0.134258,-0.0571592,1.67697,1.6853,0.19488,-18.8523,0.00787843,0.00650123,-1.01596,6.76942,0.0131818,0.0131318,-0.0550935,-17.0262,-0.291148,-0.277114,2.33599,-103.449
0.678348,0.678557,0.0224235,0.159389,-1.08059,-1.08299,-0.120276,0.00949611,1.7014,1.70883,0.179613,-19.0161,0.00184769,0.000637978,-0.953902,16.1439,0.0193897,0.0194272,0.041959,-16.2104,-0.296804,-0.286342,1.99482,-126.103
0.703355,0.702688,0.0255691,0.158999,-1.15595,-1.15174,-0.115251,0.0612315,1.72905,1.73187,0.167404,-19.167,-0.0040021,-0.00482349,-0.814198,24.6072,0.027229,0.0274413,0.2058,-16.5666,-0.302222,-0.294786,1.63076,-145.195
0.720996,0.721237,0.0258479,0.152856,-1.21219,-1.21358,-0.108013,0.109772,1.7494,1.75299,0.155577,-19.3072,-0.00771899,-0.00829436,-0.572843,31.3727,0.0325835,0.0328844,0.322661,-18.6389,-0.305401,-0.302487,1.20442,-160.417
0.736521,0.736769,0.0266058,0.142846,-1.26513,-1.26638,-0.0966377,0.157589,1.76857,1.77191,0.143692,-19.4374,-0.0115357,-0.0118297,-0.312309,35.4942,0.0364392,0.0367554,0.336832,-21.6934,-0.30774,-0.306873,0.779921,-170.866
0.749312,0.749571,0.0278606,0.128483,-1.31231,-1.3133,-0.0845333,0.201758,1.78592,1.78893,0.132358,-19.5583,-0.0162208,-0.0163355,-0.123764,37.194,0.038595,0.0387948,0.215254,-24.4598,-0.309261,-0.308865,0.412495,-177.102
0.761712,0.761555,0.0308859,0.111292,-1.36196,-1.35764,-0.0712521,0.237931,1.80495,1.80618,0.123344,-19.6687,-0.0234708,-0.0232732,-0.0636034,37.2964,0.0397537,0.0397708,0.00525149,-25.6257,-0.310191,-0.310107,0.0963263,-179.845
0.770144,0.770448,0.0324449,0.0889663,-1.39854,-1.39908,-0.0542865,0.26033,1.81994,1.82173,0.114203,-19.7713,-0.0304901,-0.0305907,-0.110462,37.2673,0.0402429,0.0400478,-0.214258,-24.608,-0.31035,-0.310513,-0.180889,-179.557
0.776864,0.777176,0.0332533,0.0630898,-1.43007,-1.43035,-0.0291186,0.271356,1.834,1.83545,0.103567,-19.8666,-0.0372165,-0.0374053,-0.205853,38.0926,0.0407781,0.0404334,-0.36732,-21.6305,-0.310025,-0.310455,-0.451278,-176.541
0.782719,0.783039,0.0340483,0.0354884,-1.46084,-1.459,-0.00748505,0.261141,1.84929,1.85022,0.0944442,-19.9504,-0.0429212,-0.0431596,-0.257084,39.9085,0.041785,0.0414003,-0.403505,-17.5437,-0.309149,-0.309907,-0.702627,-170.809
0.786039,0.786345,0.0327308,0.00560286,-1.48221,-1.4821,0.0121944,0.235593,1.86126,1.86222,0.0839386,-20.027,-0.0448885,-0.0450411,-0.165297,42.0225,0.0428549,0.0425545,-0.320589,-13.6502,-0.308078,-0.309228,-0.9357,-162.665
0.787755,0.788043,0.0308521,-0.0243878,-1.49973,-1.49946,0.0289599,0.197486,1.8723,1.87311,0.0747894,-20.0953,-0.0441686,-0.0441182,0.0577026,42.894,0.0435323,0.0433747,-0.170441,-10.9967,-0.306823,-0.308711,-1.1518,-152.307
0.787732,0.788006,0.0295092,-0.0543289,-1.51426,-1.51387,0.0415168,0.148353,1.88266,1.88336,0.0671117,-20.1562,-0.0413005,-0.0409371,0.387922,41.2371,0.0430173,0.0429931,-0.0252826,-10.0339,-0.305493,-0.30898,-1.36384,-139.901
0.785959,0.786227,0.0288333,-0.0849291,-1.52597,-1.52552,0.0474232,0.092246,1.89195,1.89256,0.0606072,-20.2114,-0.0375338,-0.0367882,0.710683,36.2117,0.0407444,0.0407667,0.0247862,-10.366,-0.304268,-0.309324,-1.51671,-125.561
0.781775,0.782031,0.0277014,-0.117165,-1.53778,-1.53733,0.045362,0.0338824,1.9022,1.90277,0.0570675,-20.2601,-0.0336569,-0.0325709,0.920344,28.4232,0.0354779,0.0354172,-0.0674389,-10.887,-0.30296,-0.308816,-1.57487,-110.046
0.777238,0.777493,0.0276564,-0.149394,-1.54597,-1.54556,0.043139,-0.0191122,1.90979,1.91031,0.0526298,-20.3069,-0.0320146,-0.0308282,0.947736,19.0811,0.0295181,0.0292777,-0.261442,-10.0721,-0.30209,-0.307826,-1.56344,-94.2429
0.772361,0.772615,0.0274434,-0.181694,-1.5532,-1.55282,0.0399458,-0.0679364,1.91677,1.91724,0.0486495,-20.3507,-0.0316567,-0.0307667,0.796633,10.1331,0.0229036,0.0224112,-0.507502,-7.07743,-0.301463,-0.306498,-1.49183,-78.7959
0.76776,0.768001,0.026002,-0.212979,-1.55979,-1.55945,0.0363978,-0.112418,1.92326,1.92369,0.0448422,-20.3913,-0.0320878,-0.0315365,0.553489,3.16228,0.0165582,0.0158332,-0.693672,-1.65469,-0.301074,-0.305058,-1.38613,-64.2541
0.763434,0.763633,0.02191,-0.241622,-1.567,-1.56664,0.0317862,-0.153709,1.93041,1.93081,0.0424711,-20.4278,-0.0325666,-0.0322865,0.298675,-1.23668,0.010289,0.00951894,-0.744982,5.06321,-0.300835,-0.303778,-1.27691,-50.8219
0.761262,0.761417,0.0168393,-0.263791,-1.57241,-1.57215,0.0282234,-0.189654,1.93582,1.93619,0.0391034,-20.4628,-0.0317253,-0.0316215,0.112278,-3.19367,0.00657967,0.00593076,-0.633222,11.7618,-0.300817,-0.302996,-1.18842,-38.4662
0.760451,0.760547,0.0104697,-0.278752,-1.57746,-1.57724,0.0238482,-0.221167,1.94088,1.94122,0.0360634,-20.4951,-0.028969,-0.0289283,0.0443177,-3.57117,0.00388718,0.00349226,-0.412131,16.9238,-0.301013,-0.302752,-1.11208,-26.9481
0.760896,0.760926,0.00321657,-0.285678,-1.58212,-1.58194,0.0190636,-0.247405,1.9455,1.94581,0.0327683,-20.5251,-0.0245491,-0.0244356,0.125187,-3.75225,0.00155209,0.00141778,-0.144211,19.6318,-0.30145,-0.302874,-1.03016,-16.2445
0.762376,0.762345,-0.00345893,-0.284412,-1.5868,-1.58667,0.0142495,-0.26865,1.94984,1.95012,0.0294936,-20.5522,-0.0193206,-0.0190508,0.2917,-5.19734,-0.00103684,-0.000971562,0.0735956,19.7524,-0.302175,-0.303323,-0.92938,-6.44782
0.765243,0.76517,-0.00807602,-0.275924,-1.59276,-1.59268,0.00837026,-0.286013,1.95455,1.9548,0.0271351,-20.5759,-0.0136903,-0.0132715,0.438433,-8.30594,-0.00475515,-0.00459579,0.174797,18.0592,-0.303395,-0.304295,-0.803987,2.17668
0.768506,0.768404,-0.0112477,-0.263025,-1.59842,-1.59839,0.00305044,-0.297711,1.95809,1.95831,0.0244322,-20.5981,-0.0102413,-0.00979324,0.464559,-12.587,-0.00857697,-0.00842603,0.164801,15.8527,-0.304655,-0.305337,-0.658897,9.43983
0.772885,0.772766,-0.0131542,-0.246709,-1.60519,-1.60522,-0.00352007,-0.304408,1.96142,1.96163,0.0224449,-20.6183,-0.00784781,-0.0075001,0.36759,-16.6812,-0.0130179,-0.012981,0.0396315,14.2211,-0.306164,-0.306659,-0.505342,15.1804
0.77948,0.77903,-0.0135674,-0.227165,-1.61417,-1.61389,-0.0112904,-0.30593,1.96487,1.9651,0.0214419,-20.6366,-0.00629955,-0.00609242,0.209676,-19.5202,-0.0176198,-0.017735,-0.115554,14.0777,-0.308108,-0.308473,-0.369609,19.3881
0.786659,0.786532,-0.0138946,-0.205798,-1.62272,-1.62288,-0.0179162,-0.300865,1.96753,1.96771,0.0201092,-20.6546,-0.00571585,-0.00567865,0.039409,-20.7862,-0.0201966,-0.02037,-0.189105,15.3901,-0.309888,-0.310123,-0.253828,22.3433
0.795195,0.795054,-0.0154836,-0.182959,-1.63173,-1.63194,-0.0228727,-0.289436,1.96993,1.9701,0.0188401,-20.6717,-0.00522568,-0.00533779,-0.124144,-20.3679,-0.0211641,-0.0213003,-0.148239,17.1078,-0.311721,-0.311863,-0.154688,24.2249
0.807281,0.807139,-0.0156087,-0.155499,-1.64313,-1.64339,-0.0281885,-0.275355,1.97259,1.97275,0.0178854,-20.6874,-0.00399534,-0.00421006,-0.233824,-18.4465,-0.0204918,-0.0205001,-0.00791805,18.0985,-0.314035,-0.314101,-0.0712757,25.1504
0.818581,0.818413,-0.0184758,-0.127039,-1.65292,-1.6532,-0.0302993,-0.256329,1.97465,1.9748,0.0163512,-20.7024,-0.00228382,-0.00251655,-0.251944,-15.7572,-0.0189691,-0.0187941,0.192268,17.4789,-0.316033,-0.316013,0.0228574,25.2436
0.830704,0.830516,-0.0205274,-0.0955091,-1.66297,-1.66326,-0.0309708,-0.2356,1.9766,1.97674,0.0148267,-20.7161,-0.000125706,-0.000310668,-0.201026,-13.2119,-0.0171122,-0.0167696,0.365164,14.8996,-0.318086,-0.317985,0.111711,24.3956
0.843146,0.842953,-0.0211511,-0.0627426,-1.67317,-1.67346,-0.0303125,-0.214607,1.97841,1.97854,0.0132874,-20.7285,0.0022213,0.0021061,-0.125774,-11.3153,-0.0152783,-0.0148409,0.455553,10.9368,-0.32016,-0.319991,0.184567,22.7387
0.855711,0.855526,-0.0202253,-0.03032,-1.68371,-1.68398,-0.0291645,-0.194559,1.98008,1.98019,0.0119579,-20.7396,0.004459,0.00440712,-0.0566743,-10.1816,-0.0136887,-0.013243,0.462587,6.43158,-0.322251,-0.322025,0.245926,20.4219
0.870271,0.870127,-0.015852,0.00224124,-1.69663,-1.69691,-0.0300654,-0.177723,1.98184,1.98194,0.0112241,-20.7494,0.0064349,0.00642331,-0.012638,-9.65832,-0.0123011,-0.0119168,0.403935,2.15886,-0.324662,-0.324389,0.293771,17.5096
0.882129,0.882011,-0.0129892,0.0291804,-1.70799,-1.70827,-0.0297985,-0.159757,1.98317,1.98326,0.0105468,-20.7589,0.00731163,0.00730638,-0.00585807,-9.50273,-0.0113258,-0.0110535,0.291777,-1.30535,-0.326602,-0.326295,0.329134,14.202
0.893341,0.893253,-0.00981083,0.0519532,-1.7195,-1.71978,-0.0297381,-0.141552,1.98436,1.98446,0.0100725,-20.768,0.0074753,0.00743919,-0.0400724,-9.31403,-0.0101203,-0.00995962,0.174325,-3.55252,-0.328405,-0.328082,0.344574,10.6515
0.906168,0.905212,-0.00559347,0.0715475,-1.73358,-1.73305,-0.0311534,-0.124409,1.9857,1.98581,0.00976429,-20.7765,0.00710871,0.00700375,-0.108144,-8.66781,-0.00801788,-0.00790063,0.0993787,-4.68244,-0.330418,-0.330062,0.343375,7.0106
0.916804,0.916787,-0.00183917,0.0872787,-1.74596,-1.74626,-0.0321135,-0.10661,1.9868,1.98688,0.00902159,-20.7847,0.00662322,0.00646045,-0.178118,-7.31407,-0.00557499,-0.00550327,0.0787045,-5.26422,-0.332056,-0.331741,0.336848,3.43274
0.926981,0.926986,0.00044487,0.0988648,-1.75843,-1.75873,-0.0321198,-0.0878478,1.98786,1.98793,0.00807558,-20.7922,0.00613932,0.00593088,-0.226576,-5.34442,-0.00268123,-0.00258096,0.110011,-5.83948,-0.333595,-0.333288,0.328512,-0.0512316
0.936067,0.936085,0.00191332,0.107096,-1.7702,-1.77049,-0.0308018,-0.0684346,1.9888,1.98886,0.00706421,-20.7988,0.00583635,0.00561568,-0.239192,-3.02231,0.000230003,0.000381842,0.166056,-6.87724,-0.334935,-0.334637,0.319161,-3.42388
0.944497,0.944528,0.00340903,0.112804,-1.78188,-1.78214,-0.0288238,-0.0500276,1.98968,1.98974,0.00622084,-20.8046,0.00586711,0.00566949,-0.214558,-0.713442,0.00298987,0.00317298,0.199309,-8.45005,-0.33616,-0.335881,0.299488,-6.64914
0.952897,0.952684,0.00562098,0.116595,-1.79476,-1.79434,-0.0270628,-0.0342202,1.99064,1.99075,0.0108512,-20.8112,0.0062669,0.00613077,-0.153044,1.22058,0.00562342,0.00583178,0.194259,-10.1821,-0.337402,-0.337149,0.268165,-9.62719
0.958962,0.959028,0.00721624,0.116875,-1.80554,-1.80576,-0.0244744,-0.0201812,1.99179,1.99191,0.0137064,-20.8226,0.00656331,0.00649596,-0.0733467,2.42447,0.00737463,0.0075111,0.148678,-11.7553,-0.338338,-0.33812,0.236412,-12.2554
0.963902,0.963985,0.00909307,0.113996,-1.81613,-1.81633,-0.0215703,-0.00803253,1.99326,1.99327,0.00118616,-20.831,0.00643482,0.00642674,-0.00840178,2.82622,0.00871919,0.00879961,0.0876631,-12.8306,-0.339146,-0.338961,0.200255,-14.5369
0.967627,0.967728,0.0110609,0.10774,-1.82625,-1.82642,-0.0190021,0.00225772,1.99418,1.99409,-0.0103697,-20.8251,0.00576083,0.00577011,0.0103114,2.70846,0.00972463,0.00973883,0.0149429,-13.2847,-0.339811,-0.339663,0.160839,-16.422
0.970742,0.970891,0.0132151,0.0988904,-1.83783,-1.83734,-0.0179925,0.00989644,1.99413,1.99401,-0.0124045,-20.8129,0.00442012,0.00438658,-0.0168426,2.55349,0.010663,0.0106247,-0.0543805,-13.0147,-0.340453,-0.340349,0.120908,-17.9082
0.972457,0.972588,0.0143177,0.0870173,-1.84749,-1.84764,-0.0169411,0.0166998,1.99328,1.99322,-0.00639408,-20.8035,0.00300175,0.00294765,-0.0596738,2.75658,0.0113354,0.0112385,-0.106698,-12.1418,-0.340903,-0.340826,0.0846185,-18.9942
0.973367,0.973506,0.0152292,0.0732693,-1.85651,-1.85665,-0.0152139,0.0235061,1.99213,1.99211,-0.0024218,-20.8006,0.00158548,0.00148737,-0.107843,3.42495,0.0119577,0.0118329,-0.136834,-10.8549,-0.341262,-0.341218,0.0481837,-19.7088
0.973618,0.97376,0.0155155,0.0581504,-1.86502,-1.86514,-0.0133359,0.0295323,1.99078,1.99082,0.00500704,-20.8022,0.000381037,0.000264639,-0.127469,4.50897,0.0125813,0.0124534,-0.139979,-9.38912,-0.341546,-0.341531,0.0164668,-20.0666
0.97326,0.973399,0.0151454,0.042474,-1.8731,-1.87321,-0.0112922,0.0343259,1.98958,1.98968,0.0111452,-20.8116,-0.000504172,-0.000605171,-0.110469,5.65166,0.0131067,0.0129978,-0.11917,-8.01842,-0.341757,-0.341768,-0.0117992,-20.119
0.972082,0.97221,0.0141146,0.0266448,-1.88178,-1.88188,-0.0101918,0.0365577,1.9887,1.98882,0.0126327,-20.8246,-0.00116164,-0.00122228,-0.0661639,6.51084,0.0133424,0.0132588,-0.0915632,-6.93225,-0.34192,-0.341957,-0.0408741,-19.8871
0.970507,0.970627,0.0131182,0.0114193,-1.88836,-1.88843,-0.00752344,0.0386651,1.9884,1.98852,0.0133372,-20.8378,-0.00160569,-0.00161352,-0.00810068,6.86881,0.0130929,0.0130198,-0.0801782,-6.11655,-0.341997,-0.34206,-0.0697743,-19.3565
0.968456,0.968569,0.0124195,-0.00330379,-1.8944,-1.89444,-0.00495489,0.039016,1.98854,1.98867,0.0144921,-20.8515,-0.00215026,-0.00211017,0.0445094,6.64477,0.0124386,0.0123558,-0.0909133,-5.35109,-0.342036,-0.342144,-0.119644,-18.4629
0.966032,0.96614,0.0117652,-0.017645,-1.89995,-1.89997,-0.00279649,0.0377224,1.98921,1.98935,0.0154417,-20.8658,-0.00288466,-0.00282045,0.0707372,5.9839,0.0114573,0.0113488,-0.119031,-4.42131,-0.342066,-0.3422,-0.146282,-17.1119
0.962876,0.962972,0.0105298,-0.0318617,-1.90591,-1.90593,-0.00198364,0.0343415,1.99078,1.99093,0.016128,-20.8801,-0.00402757,-0.00396545,0.0682801,5.15524,0.0100121,0.00987174,-0.153558,-3.21838,-0.342106,-0.342245,-0.152204,-15.6186
0.960059,0.960146,0.00966275,-0.0448226,-1.91058,-1.91059,-0.000696703,0.0309492,1.99281,1.99288,0.00801468,-20.8915,-0.00525153,-0.00520872,0.0469736,4.43199,0.00862756,0.00845895,-0.183967,-1.68366,-0.342137,-0.342277,-0.152847,-14.0986
0.957391,0.957469,0.00859949,-0.0565918,-1.91468,-1.91468,0.000420581,0.0271201,1.99488,1.9948,-0.00831481,-20.8907,-0.00653225,-0.00651572,0.0180581,3.96745,0.00731403,0.00713213,-0.198042,0.105917,-0.342164,-0.342304,-0.152121,-12.5802
0.95447,0.954529,0.00669983,-0.0672442,-1.91898,-1.91898,0.000760671,0.0222422,1.99639,1.99622,-0.0183589,-20.8753,-0.00786032,-0.00788043,-0.022835,3.83486,0.00599125,0.00581629,-0.190751,1.93818,-0.34221,-0.342349,-0.151808,-11.0691
0.952401,0.952447,0.00506474,-0.0753858,-1.92193,-1.92191,0.00194645,0.0178259,1.99654,1.99637,-0.0181743,-20.8559,-0.00850178,-0.00853989,-0.0419469,4.10704,0.00511746,0.00497606,-0.154169,3.60511,-0.342263,-0.342402,-0.151066,-9.56389
0.950628,0.950656,0.00309121,-0.0812444,-1.92438,-1.92435,0.00342071,0.0128397,1.99596,1.99588,-0.00784387,-20.8425,-0.0086868,-0.00870879,-0.0239818,4.45247,0.00429371,0.00420849,-0.0929678,4.79239,-0.342332,-0.34247,-0.150625,-8.06388
0.948952,0.948943,0.000909407,-0.0850042,-1.92658,-1.92656,0.00451271,0.0066629,1.99508,1.99504,-0.00250413,-20.8387,-0.00846178,-0.00844271,0.0151944,4.54365,0.00324551,0.00318357,-0.0507361,5.39252,-0.342439,-0.342577,-0.149471,-6.57591
0.947871,0.947865,-0.000636965,-0.0862691,-1.92795,-1.92789,0.00585358,8.37058e-05,1.99427,1.99426,-0.00114742,-20.8379,-0.00804406,-0.00798576,0.0643639,4.20614,0.00229368,0.00227448,-0.0208353,5.65081,-0.342555,-0.34269,-0.148077,-5.10149
0.947064,0.947048,-0.00184448,-0.0858264,-1.92898,-1.92892,0.00678216,-0.00726004,1.99334,1.99333,-0.000944119,-20.8378,-0.00755068,-0.00745788,0.101987,3.41989,0.0012364,0.00123264,-0.0039377,5.66521,-0.342701,-0.342808,-0.117416,-3.75743
0.946539,0.946514,-0.00268838,-0.0840537,-1.92978,-1.92971,0.00720919,-0.0150263,1.99228,1.99227,-0.000979942,-20.8379,-0.00708889,-0.00697912,0.120343,2.34295,7.49145e-05,7.45891e-05,-0.000250173,5.56929,-0.342869,-0.342953,-0.0918166,-2.73256
0.946321,0.94629,-0.0033724,-0.0812384,-1.93054,-1.93047,0.00707557,-0.0229277,1.99093,1.99098,0.00547011,-20.8406,-0.00671963,-0.00660963,0.120485,1.16215,-0.00133071,-0.00134033,-0.0105503,5.47604,-0.343087,-0.343154,-0.0728187,-1.92979
0.946531,0.946496,-0.00379805,-0.0774428,-1.9311,-1.93104,0.0065376,-0.0303526,1.99012,1.99022,0.0103463,-20.8495,-0.00655326,-0.00646168,0.100277,0.0577385,-0.00245632,-0.00247555,-0.0211182,5.5176,-0.343282,-0.343335,-0.0581227,-1.29556
0.947148,0.947112,-0.00393291,-0.0729691,-1.9316,-1.93155,0.00565005,-0.0369719,1.98976,1.98981,0.00453458,-20.8584,-0.00638837,-0.00632645,0.0677567,-0.780619,-0.00338986,-0.00341194,-0.0242098,5.65842,-0.343477,-0.343521,-0.0484692,-0.783659
0.948506,0.948467,-0.00428008,-0.0675181,-1.93216,-1.93212,0.00452964,-0.042657,1.98948,1.98955,0.00855286,-20.864,-0.00599264,-0.00595783,0.0383393,-1.27228,-0.00427783,-0.00428988,-0.0135555,5.77149,-0.343727,-0.343765,-0.0414632,-0.359592
0.950135,0.95009,-0.0049493,-0.0611828,-1.93258,-1.93255,0.00350729,-0.0471358,1.98977,1.98989,0.0124673,-20.8744,-0.00544606,-0.00542386,0.024288,-1.51771,-0.00482745,-0.00481749,0.0111853,5.73474,-0.343946,-0.343976,-0.0330965,-0.00811326
0.952134,0.952083,-0.00559707,-0.0539073,-1.93298,-1.93296,0.00263334,-0.0506044,1.99068,1.99081,0.014112,-20.8868,-0.004766,-0.00474177,0.0266098,-1.69415,-0.00520608,-0.00517029,0.03957,5.44723,-0.344167,-0.344189,-0.0239438,0.256303
0.954485,0.954429,-0.00612283,-0.0458028,-1.93339,-1.93337,0.00187689,-0.0532519,1.99223,1.99236,0.0145989,-20.8998,-0.00399226,-0.00396044,0.0349707,-1.9248,-0.00546581,-0.00540715,0.0646252,4.90159,-0.344393,-0.344406,-0.0151136,0.43083
0.957693,0.95764,-0.00590928,-0.0365426,-1.93395,-1.93394,0.00107699,-0.0553025,1.99475,1.99473,-0.00178534,-20.9051,-0.00302648,-0.00297571,0.0558186,-2.27267,-0.00571608,-0.00565377,0.0684718,4.19724,-0.344664,-0.344671,-0.0074369,0.516842
0.960594,0.960537,-0.00622934,-0.0274654,-1.93452,-1.93451,0.000322128,-0.0566052,1.99636,1.99621,-0.0158338,-20.8944,-0.00234796,-0.00229029,0.0633301,-2.8067,-0.00584585,-0.00578979,0.0615405,3.52767,-0.344887,-0.344887,0.000125268,0.530823
0.963735,0.963679,-0.00618523,-0.0181177,-1.93522,-1.93523,-0.000492857,-0.0572306,1.99706,1.99688,-0.0194211,-20.8754,-0.00183685,-0.00178866,0.0528273,-3.349,-0.00580321,-0.00575651,0.0512422,2.96546,-0.345112,-0.345107,0.00563399,0.478981
0.966981,0.966927,-0.005959,-0.00895885,-1.93604,-1.93605,-0.00132362,-0.0571078,1.99698,1.9969,-0.00776688,-20.8608,-0.00145313,-0.00142979,0.0254338,-3.71682,-0.00551848,-0.00547055,0.0526797,2.48135,-0.34533,-0.345321,0.0101102,0.379628
0.970993,0.970949,-0.00491973,0.000432031,-1.93717,-1.93719,-0.00226383,-0.056423,1.99679,1.99677,-0.00192114,-20.8566,-0.00097891,-0.000984089,-0.00595041,-3.77158,-0.00491066,-0.00485393,0.0623429,1.97022,-0.345587,-0.345576,0.0128201,0.239191
0.97437,0.974329,-0.00455939,0.00860588,-1.93821,-1.93824,-0.00296799,-0.0548694,1.99663,1.99663,-0.000477659,-20.8558,-0.000484405,-0.000510521,-0.0289033,-3.54264,-0.00426959,-0.00419767,0.0790323,1.33432,-0.345794,-0.34578,0.016179,0.0737299
0.977702,0.977665,-0.00408841,0.0161639,-1.93934,-1.93937,-0.00347027,-0.0527264,1.99643,1.99642,-0.000234541,-20.8557,0.000136626,0.000105751,-0.0340158,-3.15764,-0.00360656,-0.00351036,0.105626,0.48147,-0.345991,-0.345974,0.0191973,-0.122356
0.981122,0.981092,-0.00329995,0.0231376,-1.94064,-1.94067,-0.00387286,-0.050288,1.99614,1.99613,-0.000260729,-20.8558,0.000928923,0.000907219,-0.023855,-2.78401,-0.0029883,-0.0028833,0.115068,-0.575321,-0.346191,-0.346173,0.0200494,-0.339043
0.984195,0.984171,-0.00260211,0.0289599,-1.942,-1.94204,-0.0041026,-0.0475612,1.99578,1.99578,-0.000311672,-20.8558,0.00174433,0.0017396,-0.00513672,-2.55769,-0.00250635,-0.00241016,0.105364,-1.644,-0.346375,-0.346357,0.020468,-0.558935
0.987591,0.987579,-0.00125706,0.0342523,-1.94386,-1.9439,-0.0047143,-0.0450094,1.99527,1.99527,-0.000452173,-20.8559,0.00263509,0.00264897,0.0153244,-2.52032,-0.0020804,-0.00200376,0.0839486,-2.55796,-0.34658,-0.34656,0.0212618,-0.78709
0.990194,0.990191,-0.000380318,0.0377541,-1.94566,-1.94571,-0.00526725,-0.0418832,1.99476,1.99475,-0.000506307,-20.8559,0.00316512,0.00318695,0.0240091,-2.66894,-0.00182535,-0.00177667,0.0532626,-3.22422,-0.346733,-0.346713,0.0213757,-1.01686
0.992524,0.992528,0.000432965,0.0399748,-1.94766,-1.94771,-0.00589131,-0.0382255,1.99419,1.99419,-0.000538308,-20.856,0.00342259,0.00343656,0.0152714,-2.84868,-0.00157659,-0.00155807,0.0201287,-3.56592,-0.346868,-0.346851,0.018553,-1.23121
0.994702,0.994713,0.00119202,0.0411697,-1.94991,-1.94997,-0.00663099,-0.0340464,1.99355,1.99354,-0.000582617,-20.856,0.00346536,0.00345747,-0.00884727,-2.88132,-0.00123392,-0.00123951,-0.00633544,-3.59744,-0.346993,-0.346979,0.0145007,-1.40849
0.99683,0.996847,0.00188937,0.0416001,-1.95253,-1.9526,-0.00747213,-0.0294303,1.99278,1.99278,-0.000679105,-20.8561,0.00338545,0.00335143,-0.0375651,-2.6553,-0.00072711,-0.00074389,-0.0185635,-3.41759,-0.347116,-0.347107,0.0108448,-1.54648
0.998623,0.998644,0.00223764,0.0412017,-1.95511,-1.95518,-0.00797089,-0.0240998,1.992,1.99199,-0.000721725,-20.8561,0.00328318,0.00322742,-0.0614006,-2.16539,-0.000133673,-0.000148961,-0.0168414,-3.17829,-0.347225,-0.347218,0.00824944,-1.65174
1.00048,1.00052,0.00272527,0.0405745,-1.95822,-1.95833,-0.00874894,-0.0188611,1.99099,1.99097,-0.000931942,-20.8563,0.00319259,0.00312563,-0.0727517,-1.4956,0.000658671,0.000664787,-0.00390142,-2.99007,-0.347342,-0.347337,0.00699093,-1.73904
1.00187,1.00191,0.0028458,0.0392911,-1.96102,-1.96112,-0.00882005,-0.0130887,1.99001,1.98999,-0.0010367,-20.8564,0.0031804,0.00311605,-0.0710168,-0.770772,0.00137589,0.00139549,0.00994733,-2.9424,-0.347432,-0.347427,0.006155,-1.81459
1.00293,1.00296,0.00288265,0.0375216,-1.96369,-1.96377,-0.00837549,-0.00725943,1.98899,1.98898,-0.00106657,-20.8564,0.00323974,0.00318576,-0.0592362,-0.109228,0.00199623,0.00201356,0.0190534,-3.02652,-0.347512,-0.347533,-0.0228815,-1.74863
1.00367,1.0037,0.00291237,0.0353668,-1.96625,-1.96633,-0.0077223,-0.00179827,1.98817,1.9883,0.0144753,-20.8634,0.00330088,0.00326385,-0.0405884,0.397431,0.00247421,0.0024931,0.0207365,-3.18093,-0.347598,-0.347629,-0.0335819,-1.46353
1.00412,1.00415,0.00316487,0.0327579,-1.96882,-1.96889,-0.00707024,0.00311663,1.98835,1.98857,0.0232097,-20.8826,0.0032611,0.00324197,-0.0209084,0.699277,0.00281201,0.0028228,0.0117699,-3.31464,-0.347692,-0.347723,-0.0345123,-1.12792
1.00427,1.0043,0.00345638,0.0295743,-1.97134,-1.9714,-0.00637364,0.00750746,1.98968,1.98986,0.0194643,-20.9032,0.00305671,0.00304659,-0.0110562,0.834701,0.00303175,0.00302623,-0.00620637,-3.32363,-0.347789,-0.347819,-0.0330986,-0.797603
1.00411,1.00414,0.00370717,0.0258076,-1.97432,-1.97438,-0.00620884,0.0108999,1.99225,1.99234,0.0106729,-20.9159,0.00261124,0.00259817,-0.014354,0.912746,0.00320487,0.00318058,-0.0268443,-3.14076,-0.34791,-0.347913,-0.0029761,-0.617373
1.00371,1.00374,0.00383265,0.0215999,-1.97682,-1.97687,-0.00566947,0.0142666,1.99464,1.99456,-0.00923296,-20.9143,0.00211044,0.00208806,-0.0246297,1.05597,0.00331623,0.00327309,-0.0475441,-2.75196,-0.348006,-0.347994,0.0130924,-0.687982
1.00313,1.00317,0.00410808,0.0170511,-1.97918,-1.97923,-0.00513239,0.0173137,1.99621,1.99602,-0.0207658,-20.8972,0.00157146,0.00153896,-0.0357553,1.30475,0.00344081,0.00339349,-0.0520287,-2.23278,-0.348089,-0.348073,0.0178125,-0.855956
1.0024,1.00244,0.00420362,0.0121872,-1.98144,-1.98148,-0.00452282,0.0200356,1.99674,1.99655,-0.0208466,-20.8754,0.00103312,0.000994558,-0.0423782,1.64949,0.00357858,0.00353525,-0.0475969,-1.71827,-0.348168,-0.348176,-0.00926726,-0.913291
1.0014,1.00143,0.00394223,0.00710632,-1.98388,-1.98392,-0.00415894,0.021999,1.99645,1.99639,-0.0069835,-20.8616,0.000475496,0.000436579,-0.0427258,2.02478,0.00370945,0.00367326,-0.0397489,-1.26871,-0.348263,-0.348268,-0.00516433,-0.839839
1.00044,1.00048,0.00365818,0.00231824,-1.98574,-1.98577,-0.00329885,0.0238387,1.9962,1.99618,-0.00170123,-20.858,9.11736e-05,5.99437e-05,-0.0342436,2.37233,0.00373511,0.0037061,-0.0318511,-0.909071,-0.348339,-0.34834,-0.00184794,-0.814334
0.999413,0.999444,0.00332312,-0.00216765,-1.98737,-1.9874,-0.00233548,0.0250786,1.99595,1.99595,-0.000506986,-20.8572,-0.00024401,-0.000261703,-0.0193373,2.60559,0.00364775,0.00362511,-0.0248437,-0.635799,-0.348408,-0.348409,-0.000907712,-0.807915
0.998073,0.998084,0.00282066,-0.00662951,-1.9891,-1.98913,-0.00165056,0.0252899,1.99559,1.99558,-0.000375009,-20.8572,-0.000656204,-0.000664659,-0.0026069,2.66726,0.00339958,0.00336644,-0.0320206,-0.377406,-0.348486,-0.348487,-0.000793261,-0.807639
0.996895,0.996917,0.00240966,-0.0105035,-1.99034,-1.99035,-0.00070463,0.0251258,1.99521,1.99521,-0.000385107,-20.8572,-0.0010417,-0.00103346,0.00916187,2.58792,0.00314142,0.00310485,-0.0402258,-0.0396147,-0.34855,-0.348551,-0.000710562,-0.807039
0.995725,0.995745,0.00217005,-0.0139926,-1.99137,-1.99137,0.000130644,0.024329,1.99478,1.99478,-0.000426909,-20.8573,-0.00145533,-0.00144351,0.0130567,2.43056,0.00288325,0.00284213,-0.0451993,0.365591,-0.348612,-0.348613,-0.000657372,-0.806547
0.994535,0.994552,0.00188923,-0.0171757,-1.99225,-1.99224,0.00082117,0.0229857,1.99427,1.99426,-0.00048266,-20.8573,-0.00190324,-0.00189378,0.0104292,2.26865,0.00261047,0.00256989,-0.0445744,0.79118,-0.348671,-0.348672,-0.000599215,-0.80597
0.993401,0.993416,0.00158677,-0.0199705,-1.99291,-1.9929,0.001421,0.0212172,1.99369,1.99368,-0.00052933,-20.8573,-0.00233709,-0.00233201,0.00560009,2.14952,0.00233229,0.00229572,-0.0401435,1.18971,-0.348724,-0.348724,-0.000526351,-0.805252
0.992138,0.992148,0.0010371,-0.022538,-1.99343,-1.99341,0.0019719,0.0189776,1.99291,1.9929,-0.00070288,-20.8575,-0.00277174,-0.00277004,0.00168584,2.07202,0.00201272,0.00198086,-0.0351278,1.53384,-0.348782,-0.348783,-0.000556386,-0.805684
0.991178,0.991184,0.000669277,-0.0244039,-1.99364,-1.99361,0.00255947,0.016457,1.99218,1.99218,-0.000754467,-20.8575,-0.00301288,-0.00300987,0.00333851,2.02139,0.00175924,0.00173439,-0.0272492,1.8168,-0.348829,-0.348829,-0.000512066,-0.805327
0.990329,0.990332,0.000305347,-0.0257459,-1.99365,-1.99362,0.00308572,0.0135923,1.99141,1.9914,-0.000783326,-20.8576,-0.0031415,-0.00313198,0.010514,1.93641,0.00149067,0.0014754,-0.0167003,2.00549,-0.348871,-0.348872,-0.000457673,-0.804835
0.989576,0.989576,-4.77334e-05,-0.0265896,-1.99348,-1.99345,0.00353993,0.0104094,1.99057,1.99057,-0.00080912,-20.8576,-0.00321253,-0.00318772,0.0273894,1.73245,0.00117566,0.00116887,-0.00737636,2.09103,-0.34891,-0.34891,-0.000400646,-0.804307
0.988917,0.988914,-0.000365541,-0.0269787,-1.99315,-1.99312,0.00369114,0.00707678,1.98967,1.98966,-0.000845063,-20.8576,-0.00328765,-0.0032588,0.0317406,1.42403,0.000805729,0.000802963,-0.00298639,2.10545,-0.348944,-0.348944,-0.000344186,-0.80378
0.988278,0.988271,-0.000766088,-0.0270218,-1.99256,-1.99252,0.00427119,0.00365837,1.98848,1.98847,-0.00107043,-20.8578,-0.00333581,-0.00330837,0.0301547,1.10862,0.000321844,0.00031583,-0.00611233,2.10282,-0.34898,-0.348981,-0.000351908,-0.803953
0.987881,0.987872,-0.000990914,-0.0265412,-1.99194,-1.9919,0.00453338,-0.000122296,1.98762,1.9877,0.00845841,-20.8625,-0.00327703,-0.00325293,0.0264728,0.831614,-8.40862e-05,-9.26278e-05,-0.00937426,2.13903,-0.349009,-0.34901,-0.000314283,-0.803642
0.987632,0.987622,-0.00117891,-0.0256848,-1.99126,-1.99122,0.0045681,-0.0040122,1.98752,1.98772,0.0210223,-20.8779,-0.00314047,-0.00311067,0.0327872,0.546105,-0.000456687,-0.000464452,-0.00850023,2.19175,-0.349035,-0.349035,-0.000274203,-0.803268
0.987526,0.987513,-0.0013649,-0.0244858,-1.99053,-1.99049,0.00444107,-0.00784801,1.9885,1.98867,0.0185451,-20.8968,-0.00298627,-0.00295085,0.0389522,0.195911,-0.000791606,-0.000794921,-0.00359031,2.21843,-0.349056,-0.349057,-0.000226626,-0.802826
0.987582,0.987568,-0.00153955,-0.0229416,-1.98964,-1.9896,0.00431819,-0.0113671,1.99068,1.99085,0.0182563,-20.9131,-0.00279894,-0.00276268,0.0398435,-0.18319,-0.00114705,-0.0011455,0.00176298,2.18978,-0.349077,-0.349077,-0.000205367,-0.802655
0.987781,0.987764,-0.00178364,-0.0210489,-1.98888,-1.98884,0.00393334,-0.0147462,1.99319,1.99325,0.00632655,-20.9224,-0.00262235,-0.00259047,0.0350048,-0.539958,-0.00142067,-0.00141455,0.00677864,2.11671,-0.349091,-0.349091,-0.000159287,-0.802268
0.988191,0.988174,-0.00187481,-0.0187662,-1.98798,-1.98795,0.0036354,-0.0176242,1.99601,1.99587,-0.0149917,-20.9142,-0.00237117,-0.00234445,0.0293053,-0.834642,-0.00172467,-0.00171539,0.0102607,1.99801,-0.349106,-0.349106,-0.000152554,-0.802242
0.988682,0.988664,-0.00199352,-0.0162923,-1.98725,-1.98722,0.00313431,-0.0202442,1.99731,1.99709,-0.024773,-20.8922,-0.00213064,-0.00210792,0.0249378,-1.07999,-0.0019538,-0.00194197,0.0130359,1.8554,-0.349117,-0.349118,-0.000128553,-0.802016
0.989298,0.98928,-0.00207925,-0.013626,-1.98655,-1.98653,0.0026259,-0.0224378,1.99752,1.99731,-0.0226395,-20.8682,-0.00187176,-0.00185174,0.0219663,-1.28884,-0.00214086,-0.00212729,0.0149447,1.69538,-0.349126,-0.349126,-9.57434e-05,-0.801721
0.990186,0.990168,-0.0020608,-0.0106225,-1.98579,-1.98577,0.00222293,-0.0240822,1.99697,1.99691,-0.00683011,-20.8546,-0.00153026,-0.00151226,0.0193797,-1.46032,-0.00230732,-0.00229152,0.0175403,1.51395,-0.349131,-0.349131,-6.41262e-05,-0.801445
0.991039,0.991019,-0.00212479,-0.007622,-1.98522,-1.98521,0.00168807,-0.0254373,1.99652,1.9965,-0.0017559,-20.8511,-0.00121832,-0.00120351,0.0162327,-1.60542,-0.00241809,-0.00239528,0.0251321,1.28358,-0.349131,-0.349131,-2.07913e-05,-0.801059
0.991984,0.991964,-0.00213731,-0.0045572,-1.98473,-1.98472,0.001187,-0.0263854,1.99604,1.99603,-0.000670933,-20.8505,-0.000894306,-0.00088131,0.0142516,-1.72638,-0.00252337,-0.00250033,0.0253346,1.01863,-0.349129,-0.349129,1.09891e-05,-0.800793
0.993276,0.993258,-0.00194854,-0.00119399,-1.98424,-1.98423,0.000746621,-0.0268493,1.99534,1.99533,-0.000658911,-20.8506,-0.00050204,-0.000489265,0.0140411,-1.8292,-0.00260449,-0.00258406,0.0224398,0.772038,-0.349123,-0.349123,4.48318e-05,-0.800495
0.994398,0.99438,-0.0019416,0.00194399,-1.98395,-1.98395,0.000215044,-0.0270088,1.99467,1.99467,-0.000689104,-20.8506,-0.000203632,-0.000193147,0.0114874,-1.92518,-0.0025985,-0.00258135,0.0188369,0.567415,-0.349115,-0.349115,7.03163e-05,-0.800278
0.995571,0.995554,-0.00188304,0.00502348,-1.98377,-1.98378,-0.00029577,-0.0267645,1.99391,1.99391,-0.000729117,-20.8506,8.16817e-05,8.73988e-05,0.00623357,-1.98295,-0.00252239,-0.00250851,0.0152448,0.406091,-0.349104,-0.349104,9.92871e-05,-0.800026
0.997012,0.996996,-0.001618,0.00824619,-1.9837,-1.98371,-0.000815739,-0.0261113,1.99289,1.99288,-0.000941664,-20.8508,0.00040414,0.000404069,0.000305847,-1.97949,-0.00235301,-0.00233165,0.0237868,0.222511,-0.349087,-0.349087,0.000157309,-0.799495
0.998258,0.998244,-0.00150631,0.0111257,-1.98376,-1.98377,-0.00129042,-0.0250874,1.99191,1.9919,-0.00101151,-20.8509,0.000670365,0.00066555,-0.00534995,-1.9225,-0.00217556,-0.00214851,0.0297597,-0.0321956,-0.349068,-0.349068,0.000187028,-0.799256
0.999466,0.999454,-0.00135326,0.0137703,-1.98392,-1.98393,-0.00170754,-0.0237184,1.99086,1.99085,-0.00104419,-20.8509,0.000934128,0.000926003,-0.00897687,-1.82142,-0.0019812,-0.0019524,0.0316492,-0.323277,-0.349048,-0.349048,0.000197776,-0.799177
1.00085,1.00086,-0.000951641,0.0163725,-1.98424,-1.98426,-0.00209584,-0.022136,1.98971,1.98976,0.00674996,-20.8553,0.00124954,0.00124525,-0.00967188,-1.69346,-0.00173983,-0.00170809,0.0310189,-0.61303,-0.349022,-0.349022,0.000249069,-0.798688
1.00201,1.002,-0.000837434,0.018421,-1.98464,-1.98466,-0.0024459,-0.0202382,1.98919,1.98929,0.010641,-20.8648,0.00150322,0.00149504,-0.00901218,-1.57473,-0.00153523,-0.00150942,0.0283143,-0.890922,-0.348996,-0.348996,0.000259258,-0.798639
1.00305,1.00305,-0.000531492,0.0200738,-1.98513,-1.98515,-0.00270737,-0.0181008,1.98921,1.98932,0.0127497,-20.8767,0.00169591,0.00168841,-0.00828724,-1.47104,-0.00134515,-0.00132371,0.0234945,-1.1323,-0.348968,-0.348967,0.000270776,-0.79859
1.00424,1.00424,-0.0001358,0.0215652,-1.98587,-1.98589,-0.00307164,-0.0159238,1.99001,1.99014,0.0143057,-20.8895,0.00185323,0.00184405,-0.0102683,-1.36692,-0.00110105,-0.00108509,0.017452,-1.31169,-0.348929,-0.348929,0.000347089,-0.797859
1.00513,1.00513,5.72498e-05,0.0225062,-1.98658,-1.98661,-0.00326722,-0.0134669,1.99138,1.99151,0.0144333,-20.9029,0.00194899,0.00193032,-0.0205881,-1.19401,-0.000873618,-0.000863519,0.0110306,-1.42792,-0.348896,-0.348896,0.0003435,-0.797941
1.00595,1.00595,0.000276592,0.0231117,-1.98739,-1.98743,-0.00349228,-0.0108424,1.99331,1.99336,0.00535908,-20.911,0.0020505,0.00203021,-0.0223101,-0.966291,-0.00061987,-0.000613382,0.00710832,-1.49136,-0.348862,-0.348862,0.000335284,-0.798059
1.00679,1.0068,0.000609878,0.0234982,-1.98846,-1.98849,-0.00378681,-0.0082537,1.99552,1.99542,-0.011084,-20.9048,0.00213457,0.00211585,-0.0204863,-0.74317,-0.000300325,-0.000294184,0.00718963,-1.53035,-0.34882,-0.348819,0.000399972,-0.797407
1.0074,1.0074,0.000786689,0.0234257,-1.98944,-1.98947,-0.00384504,-0.00545674,1.99656,1.99638,-0.0186904,-20.8881,0.00214493,0.00212894,-0.0175423,-0.552293,-2.2256e-05,-1.54279e-05,0.00747278,-1.57521,-0.348779,-0.348779,0.00041891,-0.797246
1.00787,1.00788,0.000936821,0.023037,-1.99045,-1.99048,-0.00380267,-0.00264057,1.9967,1.99655,-0.0169862,-20.8697,0.00209282,0.00207918,-0.0150818,-0.398682,0.000243344,0.000249055,0.00621918,-1.6174,-0.348737,-0.348737,0.000429333,-0.797203
1.00823,1.00824,0.00111926,0.0223329,-1.99147,-1.9915,-0.00371949,0.000168094,1.99638,1.99634,-0.00476724,-20.8599,0.00199115,0.00197228,-0.0208251,-0.225102,0.000483117,0.000485905,0.00298822,-1.64018,-0.348694,-0.348694,0.000421969,-0.797348
1.00852,1.00854,0.00132567,0.0213749,-1.99273,-1.99277,-0.00378167,0.00267414,1.99601,1.996,-0.00121789,-20.8575,0.00182952,0.00180641,-0.0254048,-0.00586902,0.000744296,0.000743426,-0.00107478,-1.62243,-0.348639,-0.348639,0.000505497,-0.796512
1.00864,1.00866,0.00143167,0.0201029,-1.99379,-1.99383,-0.00354046,0.00523599,1.99569,1.99568,-0.000485737,-20.8571,0.0016676,0.00164371,-0.0262543,0.23805,0.000952055,0.000947081,-0.00554186,-1.56537,-0.348591,-0.34859,0.000509159,-0.796512
1.00865,1.00866,0.00154657,0.0186174,-1.99482,-1.99485,-0.00322069,0.0076028,1.9953,1.9953,-0.000390813,-20.8571,0.00149432,0.00147151,-0.0250587,0.478577,0.0011557,0.00114765,-0.00889299,-1.47047,-0.348539,-0.348539,0.000513818,-0.796525
1.00852,1.00853,0.00175997,0.0167794,-1.99603,-1.99605,-0.00306723,0.00953488,1.99476,1.99475,-0.000506618,-20.8572,0.00128723,0.00126604,-0.0233779,0.7013,0.00138258,0.00137352,-0.00985549,-1.3521,-0.348473,-0.348472,0.000624813,-0.795417
1.0083,1.00831,0.00162408,0.0148654,-1.99698,-1.997,-0.00264594,0.0113917,1.99422,1.99422,-0.000550161,-20.8572,0.0011156,0.00109754,-0.0197982,0.90049,0.00153396,0.00152497,-0.00991152,-1.23761,-0.348415,-0.348414,0.000617691,-0.795519
1.00796,1.00797,0.00165331,0.0128726,-1.9979,-1.99792,-0.00223398,0.0129015,1.9936,1.99359,-0.000609516,-20.8573,0.000924633,0.000910909,-0.0150214,1.05485,0.00165555,0.00164504,-0.0116762,-1.12234,-0.348353,-0.348353,0.000627163,-0.795467
1.00753,1.00754,0.00166614,0.0107774,-1.99873,-1.99875,-0.00179813,0.0140887,1.99292,1.99292,-0.00066179,-20.8573,0.000714738,0.000704897,-0.0107732,1.16122,0.00175965,0.0017433,-0.018012,-0.957142,-0.348291,-0.34829,0.000626131,-0.795533
1.00702,1.00703,0.00170244,0.00860114,-1.99948,-1.99949,-0.00135413,0.0149528,1.99219,1.99218,-0.00069501,-20.8573,0.000492049,0.000484304,-0.00850001,1.23432,0.00186107,0.00184435,-0.0183899,-0.762824,-0.348227,-0.348226,0.000621222,-0.795645
1.00628,1.00629,0.00160874,0.00617436,-2.00029,-2.00031,-0.00107671,0.0153351,1.9912,1.99117,-0.000922589,-20.8575,0.000215428,0.0002037,-0.008737,1.29261,0.00194872,0.00193467,-0.0163328,-0.579533,-0.348144,-0.348142,0.000783641,-0.794107
1.00561,1.00562,0.00160877,0.00384384,-2.00085,-2.00086,-0.000675891,0.0156273,1.99031,1.9903,-0.00093844,-20.8576,-4.27574e-06,-1.1306e-05,-0.00768322,1.35344,0.00196536,0.00195285,-0.0137234,-0.427295,-0.348072,-0.348072,0.000761847,-0.794334
1.0049,1.00491,0.00159264,0.00152587,-2.00131,-2.00132,-0.000183512,0.0155963,1.98938,1.98937,-0.000933784,-20.8575,-0.000207017,-0.000211511,-0.00488159,1.39695,0.00192934,0.00191917,-0.0111503,-0.306681,-0.348001,-0.348001,0.000727398,-0.794685
1.00411,1.00413,0.00150916,-0.000781368,-2.0017,-2.0017,0.000260515,0.0151672,1.98835,1.98837,0.00246578,-20.8578,-0.000396482,-0.000397582,-0.00114166,1.40945,0.00182934,0.00181954,-0.0108651,-0.215001,-0.347926,-0.347928,-0.00251968,-0.792977
1.00317,1.00318,0.00127695,-0.00313204,-2.00204,-2.00204,0.000511482,0.0144416,1.98769,1.98786,0.0182882,-20.8697,-0.000593112,-0.000590079,0.00315598,1.3809,0.00163521,0.0016185,-0.0187614,-0.0852997,-0.347839,-0.347854,-0.0170417,-0.676839
1.00236,1.00237,0.00118836,-0.00522364,-2.00224,-2.00223,0.000822471,0.013563,1.9884,1.98863,0.0237903,-20.8912,-0.000769831,-0.000760957,0.00991893,1.30063,0.00143956,0.00141702,-0.0248243,0.115598,-0.347772,-0.347793,-0.0227736,-0.466856
1.00158,1.00159,0.00106728,-0.00714508,-2.00235,-2.00234,0.0010843,0.0124912,1.99017,1.99034,0.0176784,-20.9106,-0.000984212,-0.000968784,0.0169179,1.12887,0.00124105,0.00121606,-0.0274723,0.360313,-0.347714,-0.347737,-0.025337,-0.219161
1.00083,1.00084,0.000905101,-0.00884943,-2.00238,-2.00237,0.00134716,0.0112649,1.99256,1.99263,0.00707229,-20.9209,-0.0012393,-0.00122997,0.0101864,0.967183,0.00106007,0.00103533,-0.0271754,0.618689,-0.347665,-0.34769,-0.0270784,0.0481937
1.00001,1.00001,0.000592047,-0.0104183,-2.0023,-2.00228,0.00170545,0.0097853,1.99555,1.9955,-0.00530333,-20.9192,-0.00150966,-0.00150752,0.00230344,0.879446,0.000874771,0.00085219,-0.0247489,0.863482,-0.347623,-0.347649,-0.0284686,0.330706
0.999381,0.999385,0.000415453,-0.0116037,-2.00213,-2.00212,0.00176503,0.00823518,1.99746,1.99727,-0.0203558,-20.9032,-0.00166145,-0.00166359,-0.00233596,0.870256,0.00072669,0.000709617,-0.0186716,1.06722,-0.3476,-0.347627,-0.029862,0.625582
0.998828,0.998829,9.698e-05,-0.0124319,-2.00187,-2.00185,0.00192689,0.0066609,1.99822,1.99801,-0.0230661,-20.8797,-0.00173714,-0.0017362,0.00117465,0.879032,0.000571816,0.000561685,-0.0110447,1.19977,-0.34759,-0.347618,-0.030918,0.931162
0.998353,0.998351,-0.000223373,-0.0128155,-2.00152,-2.0015,0.0021003,0.00498898,1.99803,1.99788,-0.0161915,-20.8595,-0.00176289,-0.00175274,0.0112171,0.807243,0.000409256,0.000405103,-0.00449185,1.26002,-0.347594,-0.347622,-0.0316046,1.24414
0.997941,0.997937,-0.000425866,-0.0128672,-2.00109,-2.00107,0.00228815,0.00319157,1.99742,1.99737,-0.00460745,-20.8505,-0.00176596,-0.00175299,0.0142679,0.676173,0.000231314,0.000231142,-0.000147514,1.26423,-0.347612,-0.347641,-0.0320409,1.56133
0.997529,0.997522,-0.000667226,-0.012715,-2.00047,-2.00045,0.00258817,0.0013492,1.99666,1.99665,-0.00147017,-20.8485,-0.00172064,-0.00170758,0.0143521,0.535918,-1.73929e-05,-1.65839e-05,0.000910299,1.23392,-0.347657,-0.347686,-0.0322737,1.87907
0.997267,0.99726,-0.000775592,-0.0122588,-1.99991,-1.99989,0.00269376,-0.000724595,1.99598,1.99598,-0.000819985,-20.8481,-0.00163654,-0.00162284,0.0151564,0.405794,-0.000238341,-0.000237835,0.000565388,1.20294,-0.347712,-0.347741,-0.0320407,2.19577
0.997078,0.99707,-0.000854046,-0.0116263,-1.99934,-1.99931,0.00272553,-0.00289365,1.99521,1.9952,-0.000758243,-20.8481,-0.00152682,-0.00150667,0.0222103,0.226303,-0.000457316,-0.000457551,-0.000240877,1.18077,-0.347783,-0.347812,-0.0314375,2.50689
0.996964,0.996956,-0.000914537,-0.0108458,-1.99875,-1.99873,0.00254173,-0.00500557,1.99433,1.99432,-0.000803407,-20.8482,-0.00141741,-0.00139429,0.0254206,-0.00624915,-0.000663715,-0.000663868,-0.000142518,1.1644,-0.347872,-0.347899,-0.0305108,2.80915
0.996938,0.996929,-0.0010137,-0.00992514,-1.99805,-1.99803,0.00238938,-0.00677277,1.99311,1.9931,-0.001086,-20.8484,-0.00129616,-0.00127385,0.0244891,-0.247768,-0.000896216,-0.00089599,0.000281604,1.1414,-0.348005,-0.348025,-0.0221396,3.09182
0.997006,0.996995,-0.00120917,-0.00870667,-1.99749,-1.99747,0.00215243,-0.00847064,1.992,1.992,0.000602436,-20.8486,-0.00120693,-0.00118851,0.0201803,-0.46378,-0.00106381,-0.0010624,0.00158098,1.11455,-0.348127,-0.348119,0.00859759,3.13269
0.997157,0.997147,-0.00108114,-0.00739538,-1.99694,-1.99692,0.0018627,-0.00994254,1.99101,1.99109,0.00800309,-20.8543,-0.00111779,-0.00110452,0.0145233,-0.628981,-0.00120073,-0.00119806,0.00297768,1.0792,-0.34825,-0.348224,0.0285531,2.94155
0.99741,0.997402,-0.000931472,-0.00618426,-1.99641,-1.9964,0.00157181,-0.011156,1.9905,1.99058,0.00909514,-20.8644,-0.00101132,-0.00100278,0.00933246,-0.737225,-0.00131144,-0.00130543,0.00674477,1.0276,-0.348368,-0.348324,0.0482604,2.52956
0.99776,0.99775,-0.00110884,-0.00483247,-1.99593,-1.99591,0.0012782,-0.012127,1.99033,1.99035,0.00236268,-20.8698,-0.000873432,-0.000868197,0.00572697,-0.79717,-0.00141327,-0.00139984,0.0148182,0.903223,-0.348471,-0.348424,0.0524014,2.00832
0.998186,0.998174,-0.00126911,-0.00325846,-1.99548,-1.99547,0.000988678,-0.0128574,1.99012,1.99012,0.000315721,-20.8712,-0.00070098,-0.000696341,0.00511733,-0.83215,-0.0015297,-0.00151489,0.0162915,0.733857,-0.348561,-0.348516,0.0494074,1.48682
0.998755,0.998742,-0.00135654,-0.00140448,-1.99502,-1.99502,0.000763277,-0.0133118,1.98984,1.98984,-0.000154968,-20.8715,-0.000486386,-0.00047925,0.00787041,-0.876271,-0.00166367,-0.0016502,0.0147979,0.564348,-0.348649,-0.348615,0.0365493,1.01879
0.999434,0.999422,-0.00130738,0.000628158,-1.99462,-1.99461,0.000552288,-0.0135635,1.98952,1.98954,0.00224897,-20.8718,-0.000286147,-0.000276839,0.010216,-0.949471,-0.00176902,-0.0017578,0.0123177,0.417597,-0.348735,-0.348726,0.00905323,0.803099
1.00006,1.00005,-0.00134126,0.00259706,-1.99435,-1.99434,0.000269592,-0.0136948,1.98959,1.98969,0.0104151,-20.8786,-0.000148625,-0.000140638,0.008722,-1.03492,-0.00181382,-0.00180478,0.00991859,0.301439,-0.348809,-0.348808,0.00119223,0.751434
1.00074,1.00072,-0.00138941,0.00465269,-1.99413,-1.99413,-1.9279e-05,-0.0136109,1.9903,1.99042,0.0134754,-20.89,-3.02539e-05,-2.66678e-05,0.00386994,-1.08823,-0.00181035,-0.00180321,0.00783296,0.213102,-0.348887,-0.348887,-0.00044384,0.741656
1.00145,1.00144,-0.0012844,0.00667351,-1.99398,-1.99398,-0.000282785,-0.0133151,1.99167,1.99178,0.0118681,-20.9026,7.7981e-05,7.66822e-05,-0.00149824,-1.0903,-0.00174788,-0.00174218,0.0062547,0.148754,-0.348965,-0.348966,-0.000713766,0.740289
1.00235,1.00234,-0.000995552,0.00870311,-1.99387,-1.99387,-0.000503557,-0.0128141,1.99392,1.99394,0.00114993,-20.9078,0.000214844,0.000207874,-0.0075775,-1.0376,-0.00157759,-0.00157053,0.00816282,0.105114,-0.349064,-0.349064,-0.000905578,0.738625
1.00313,1.00312,-0.000956004,0.0104863,-1.99383,-1.99384,-0.000774089,-0.0121653,1.99556,1.99545,-0.0121342,-20.9,0.000377304,0.000363992,-0.014687,-0.902409,-0.00136566,-0.00135038,0.0169024,0.00510946,-0.34915,-0.349151,-0.000906062,0.738707
1.00387,1.00386,-0.000918528,0.0121726,-1.99384,-1.99385,-0.00106099,-0.0112256,1.99639,1.99623,-0.0171309,-20.8836,0.000597563,0.000583472,-0.0155097,-0.726175,-0.00114469,-0.00112171,0.0253345,-0.184928,-0.349237,-0.349238,-0.000880466,0.738931
1.00459,1.00458,-0.000814933,0.0137283,-1.9939,-1.99391,-0.00107983,-0.0101914,1.99645,1.99633,-0.012553,-20.8674,0.000857536,0.000848187,-0.010143,-0.557052,-0.000953655,-0.000926355,0.0300242,-0.449068,-0.349327,-0.349328,-0.000858701,0.739141
1.00536,1.00537,-0.000518598,0.015202,-1.99404,-1.99406,-0.0010387,-0.0092848,1.99612,1.99608,-0.00351229,-20.8604,0.00115589,0.0011625,0.00325412,-0.494212,-0.000790674,-0.000762477,0.028833,-0.73419,-0.349435,-0.349437,-0.0010335,0.737421
1.00594,1.00595,-0.000294334,0.0162643,-1.99427,-1.99429,-0.00108349,-0.00852393,1.99585,1.99584,-0.000911286,-20.8588,0.00134189,0.00135395,0.0105898,-0.549764,-0.000689343,-0.000667998,0.021744,-0.982227,-0.349531,-0.349533,-0.00105924,0.737228
1.00642,1.00642,-5.67141e-05,0.0169521,-1.99459,-1.9946,-0.00138797,-0.00762727,1.99557,1.99556,-0.000392713,-20.8585,0.0014302,0.00143965,0.0103416,-0.653175,-0.000608188,-0.000597739,0.0113648,-1.14196,-0.349624,-0.349625,-0.00100916,0.737816
1.00683,1.00683,0.000217639,0.0172868,-1.99498,-1.995,-0.0017188,-0.00648159,1.99524,1.99524,-0.000332225,-20.8584,0.00142454,0.00142709,0.00265962,-0.730014,-0.000525642,-0.000526391,-0.00102864,-1.1955,-0.349717,-0.349718,-0.000958409,0.738367
1.00719,1.00719,0.000484803,0.017276,-1.99546,-1.99548,-0.00205311,-0.00504196,1.99484,1.99484,-0.000359967,-20.8584,0.00134543,0.00133791,-0.00832671,-0.702493,-0.000395227,-0.000407997,-0.0141281,-1.0976,-0.349813,-0.349814,-0.000927414,0.738631
1.00756,1.00757,0.00071472,0.0170385,-1.99608,-1.9961,-0.00237194,-0.00345153,1.99429,1.99429,-0.000495323,-20.8586,0.00119945,0.00118482,-0.0162156,-0.605126,-0.000128568,-0.000141622,-0.0142967,-0.911824,-0.349928,-0.34992,0.00898213,0.72705
1.00782,1.00782,0.000793881,0.0165511,-1.99663,-1.99665,-0.00246572,-0.00160082,1.99376,1.99376,-0.000547147,-20.8586,0.0010812,0.00105655,-0.0271947,-0.398676,0.000154608,0.000150485,-0.00442899,-0.783244,-0.350019,-0.349988,0.033919,0.483932
1.00801,1.00802,0.000820157,0.0159406,-1.99717,-1.99719,-0.0024263,0.000315406,1.99317,1.99316,-0.000591278,-20.8587,0.00102226,0.000993014,-0.0321469,-0.0977777,0.000428642,0.000434015,0.00598189,-0.764772,-0.350096,-0.350067,0.0315869,0.102936
1.00813,1.00814,0.000819788,0.015235,-1.99768,-1.9977,-0.00221508,0.00217155,1.99253,1.99252,-0.000607437,-20.8587,0.00102199,0.000996845,-0.0275404,0.211016,0.000647791,0.000658732,0.0120462,-0.838981,-0.350163,-0.350152,0.0129159,-0.0881936
1.00816,1.00816,0.000836329,0.0144361,-1.99827,-1.99829,-0.00200689,0.00370875,1.99166,1.99165,-0.000783656,-20.8588,0.00105359,0.00103969,-0.0150933,0.437998,0.000828301,0.000839829,0.0126313,-0.951126,-0.35024,-0.350223,0.0188392,-0.256174
1.00807,1.00808,0.000890102,0.0134991,-1.99875,-1.99876,-0.00166373,0.00505669,1.99086,1.99086,-0.000813264,-20.8588,0.00104975,0.00104883,-0.000919219,0.510463,0.000905725,0.000912244,0.00706732,-1.04946,-0.350293,-0.350272,0.0225045,-0.469065
1.0079,1.00791,0.00100501,0.0123942,-1.99922,-1.99923,-0.00136202,0.00610916,1.99002,1.99001,-0.000831239,-20.8589,0.000974841,0.000979436,0.00509863,0.478321,0.000933655,0.000930499,-0.0036331,-1.07353,-0.350334,-0.350312,0.0246465,-0.708883
1.00764,1.00765,0.00115599,0.0110774,-1.99969,-1.9997,-0.00117727,0.00692394,1.9891,1.98909,-0.00085064,-20.8589,0.000816759,0.000820619,0.00417662,0.404342,0.000945885,0.000932816,-0.014432,-0.97417,-0.350364,-0.35034,0.0260674,-0.964796
1.00724,1.00725,0.00119754,0.00950258,-2.00023,-2.00024,-0.00117101,0.00756554,1.98791,1.98793,0.00226235,-20.8594,0.000537414,0.000533114,-0.00480324,0.374537,0.000979592,0.000963843,-0.0173327,-0.807672,-0.350384,-0.350359,0.027103,-1.23221
1.00687,1.00688,0.0012636,0.00788622,-2.00065,-2.00066,-0.000964278,0.00821938,1.98726,1.98738,0.0136128,-20.8674,0.000300877,0.000288265,-0.0139404,0.443044,0.0010177,0.0010026,-0.0165937,-0.631551,-0.350385,-0.35036,0.0280203,-1.50751
1.00646,1.00647,0.00126016,0.00622278,-2.00102,-2.00102,-0.000699598,0.00870157,1.98754,1.98773,0.0207474,-20.8859,0.000110926,9.36227e-05,-0.0190298,0.595661,0.00104373,0.00103068,-0.0143297,-0.473056,-0.350371,-0.350345,0.0285934,-1.78893
1.00603,1.00604,0.00120934,0.00457074,-2.00133,-2.00134,-0.000382393,0.00895417,1.98888,1.98905,0.0187436,-20.9042,-1.15969e-05,-2.69475e-05,-0.0167959,0.773343,0.00104215,0.00103149,-0.0117024,-0.342366,-0.350341,-0.350314,0.0288095,-2.07299
1.0055,1.00551,0.00103592,0.00292548,-2.00163,-2.00164,-0.000146741,0.00891161,1.99145,1.99158,0.014054,-20.9198,-8.95642e-05,-9.49107e-05,-0.00567816,0.894361,0.000998956,0.000990487,-0.00928659,-0.241494,-0.350286,-0.35026,0.0288106,-2.35563
1.00503,1.00504,0.000926358,0.00148189,-2.00184,-2.00184,2.87299e-05,0.00877664,1.99414,1.99413,-0.00211553,-20.9246,-0.000160672,-0.000153374,0.00811359,0.86648,0.000925941,0.000919347,-0.00722582,-0.166097,-0.350223,-0.350197,0.0283697,-2.63546
1.00448,1.00448,0.000731754,7.07062e-05,-2.00201,-2.00202,0.000197394,0.00848664,1.99675,1.99657,-0.0192603,-20.9105,-0.000315785,-0.000306992,0.0125387,0.742119,0.000790949,0.000780567,-0.00909225,-0.1111,-0.350128,-0.350102,0.0276366,-2.90605
1.00401,1.00402,0.000653625,-0.0011092,-2.00211,-2.00211,0.000395226,0.00808723,1.99774,1.99751,-0.0247424,-20.886,-0.000509001,-0.00049971,0.0101418,0.595376,0.000649789,0.000635057,-0.0162643,5.49381e-05,-0.350029,-0.350005,0.0262894,-3.16569
1.00355,1.00356,0.000541269,-0.00217094,-2.00216,-2.00216,0.000654279,0.00755065,1.9977,1.99755,-0.0169241,-20.8633,-0.000733938,-0.000732762,0.00122006,0.513669,0.000513945,0.000494458,-0.0214634,0.176579,-0.349908,-0.349902,0.00645142,-3.38692
1.00314,1.00315,0.000423298,-0.00305445,-2.00216,-2.00215,0.000938177,0.00673005,1.99727,1.99723,-0.00464651,-20.8539,-0.000914602,-0.000919733,-0.00568446,0.520612,0.000421902,0.000401336,-0.0225925,0.393842,-0.349787,-0.349818,-0.0345191,-3.21308
1.00271,1.00271,0.00020989,-0.00381133,-2.00207,-2.00207,0.000993908,0.00583576,1.99681,1.99679,-0.00124597,-20.8518,-0.00103298,-0.00104014,-0.00784661,0.584504,0.000379242,0.000363146,-0.0175968,0.601133,-0.349655,-0.349701,-0.0499869,-2.76216
1.00238,1.00238,4.8048e-05,-0.00428307,-2.00193,-2.00192,0.000949657,0.00500729,1.99636,1.99635,-0.000582149,-20.8514,-0.00105546,-0.00105706,-0.00164037,0.643634,0.000371311,0.000366236,-0.00541365,0.727005,-0.349555,-0.349602,-0.0516967,-2.23613
1.00209,1.00209,-9.54824e-05,-0.00453339,-2.00171,-2.0017,0.00103617,0.00427658,1.99585,1.99585,-0.00049375,-20.8514,-0.00105625,-0.00104976,0.00718349,0.610066,0.000341945,0.000347658,0.00635635,0.712521,-0.34947,-0.349514,-0.0482993,-1.72578
1.00178,1.00178,-0.00027542,-0.00465,-2.00136,-2.00135,0.00143801,0.00338713,1.99512,1.99511,-0.000639757,-20.8515,-0.00106873,-0.00105954,0.010114,0.51954,0.000232079,0.000241431,0.0103164,0.614426,-0.349378,-0.349408,-0.0323192,-1.27135
1.00155,1.00154,-0.000362112,-0.00456283,-2.00102,-2.00101,0.0017065,0.00215128,1.99441,1.99441,-0.000691785,-20.8516,-0.00106557,-0.00105608,0.0104389,0.41534,7.88844e-05,8.56871e-05,0.00739387,0.496028,-0.349304,-0.349311,-0.00778621,-1.08381
1.00134,1.00134,-0.000396146,-0.00437721,-2.00065,-2.00063,0.00184395,0.000718979,1.99361,1.99361,-0.000738003,-20.8516,-0.00102725,-0.00101854,0.0095555,0.317919,-9.92405e-05,-0.00010072,-0.00169914,0.449469,-0.349225,-0.349226,-0.000898473,-1.04043
1.00114,1.00113,-0.000435074,-0.00416276,-2.00018,-2.00016,0.00197998,-0.000722362,1.99252,1.99251,-0.000969189,-20.8518,-0.000928661,-0.000917969,0.0118353,0.232927,-0.000298622,-0.000305835,-0.00794949,0.48227,-0.349126,-0.349126,0.00064434,-1.03102
1.00102,1.00101,-0.000441086,-0.0038517,-1.9998,-1.99978,0.00193973,-0.00232067,1.99154,1.99153,-0.000998807,-20.8518,-0.000838437,-0.000822252,0.0178374,0.0914121,-0.000425431,-0.000433187,-0.00849125,0.558029,-0.349043,-0.349042,0.00083995,-1.03023
1.00093,1.00093,-0.000478679,-0.003481,-1.99936,-1.99935,0.00177194,-0.00375707,1.99024,1.99026,0.00219494,-20.8525,-0.00075323,-0.000735893,0.0191453,-0.0915843,-0.000538629,-0.00054069,-0.00228824,0.613807,-0.348937,-0.348937,0.00100117,-1.02884
1.00091,1.00091,-0.000534393,-0.00300867,-1.99901,-1.999,0.00144394,-0.00501473,1.9894,1.98948,0.00859786,-20.8592,-0.000699724,-0.00068554,0.0155425,-0.264375,-0.000642082,-0.000636778,0.00589016,0.579641,-0.348845,-0.348844,0.00098018,-1.02906
1.00094,1.00094,-0.00056017,-0.00241519,-1.99868,-1.99867,0.00108708,-0.00596732,1.98904,1.98915,0.0116043,-20.8696,-0.000651227,-0.000644178,0.00762703,-0.386596,-0.000768951,-0.000761196,0.00855282,0.492234,-0.348752,-0.348751,0.000941825,-1.02949
1.00106,1.00105,-0.000440274,-0.00178527,-1.9983,-1.99829,0.000890207,-0.00655345,1.98932,1.98944,0.0135579,-20.8819,-0.000558416,-0.00055919,-0.000919232,-0.405942,-0.000953962,-0.000949712,0.00459755,0.392828,-0.348637,-0.348647,-0.012116,-1.00905
1.00123,1.00123,-0.000455505,-0.0012114,-1.99801,-1.998,0.00074943,-0.00707396,1.99022,1.99036,0.0147825,-20.8952,-0.000428268,-0.000428157,0.000207423,-0.370304,-0.00109735,-0.00110015,-0.00311369,0.373171,-0.348548,-0.34858,-0.035295,-0.746071
1.00149,1.00148,-0.000681504,-0.000394744,-1.99774,-1.99773,0.00059658,-0.00748272,1.9919,1.99201,0.0117345,-20.9081,-0.000270593,-0.000262765,0.00867215,-0.398084,-0.00119319,-0.00119553,-0.00247001,0.4086,-0.348471,-0.348497,-0.0289046,-0.362929
1.00179,1.00178,-0.000885911,0.000677297,-1.99752,-1.99752,0.000394688,-0.00777811,1.99394,1.99394,-0.00106129,-20.9132,-0.000147771,-0.000136187,0.0127366,-0.499716,-0.00124423,-0.00124079,0.00381842,0.392885,-0.348406,-0.348412,-0.00723255,-0.193816
1.00221,1.0022,-0.00094092,0.00201237,-1.99732,-1.99732,0.000206587,-0.00788569,1.99598,1.99585,-0.0147153,-20.9027,-6.4203e-05,-5.43743e-05,0.0107481,-0.61604,-0.00127731,-0.00127181,0.00606022,0.338549,-0.348327,-0.348328,-0.000811883,-0.152599
1.00259,1.00258,-0.00100022,0.00336289,-1.9972,-1.9972,-1.58431e-05,-0.00786355,1.99676,1.99658,-0.0191228,-20.884,-3.62023e-05,-3.40241e-05,0.00225729,-0.692192,-0.00127221,-0.0012662,0.00661685,0.274467,-0.348262,-0.348262,0.000429473,-0.145837
1.00304,1.00304,-0.000972776,0.00478857,-1.99709,-1.9971,-0.000212194,-0.00765769,1.9967,1.99659,-0.0123743,-20.8664,9.53404e-06,3.04879e-06,-0.0071906,-0.656996,-0.001226,-0.00122024,0.00632421,0.213553,-0.348191,-0.34819,0.000651453,-0.144608
1.00358,1.00357,-0.000875705,0.00625331,-1.99702,-1.99702,-0.00047268,-0.00727454,1.99629,1.99625,-0.003487,-20.8597,0.000118658,0.000109571,-0.0100226,-0.556544,-0.00111934,-0.00111396,0.00589226,0.163056,-0.348113,-0.348112,0.000749323,-0.143726
1.00406,1.00405,-0.000818628,0.00760766,-1.99697,-1.99698,-0.000693002,-0.00661667,1.99595,1.99594,-0.000958493,-20.8581,0.000245978,0.000236907,-0.0099819,-0.441061,-0.000975536,-0.000966412,0.0101191,0.113582,-0.348044,-0.348043,0.00073049,-0.143887
1.00452,1.00451,-0.000758949,0.00886476,-1.99694,-1.99695,-0.000703552,-0.00587514,1.9956,1.99559,-0.000457378,-20.8578,0.000385237,0.00037744,-0.00857384,-0.332882,-0.000817952,-0.000801437,0.0182155,-0.0117134,-0.347976,-0.347976,0.000696606,-0.144212
1.00497,1.00496,-0.000664721,0.0100181,-1.99694,-1.99694,-0.000631368,-0.00519445,1.99517,1.99517,-0.00041375,-20.8579,0.000548076,0.000542079,-0.00659288,-0.240387,-0.000671407,-0.000651063,0.0223837,-0.203397,-0.347908,-0.347915,-0.00780569,-0.128441
1.00544,1.00544,-0.000468514,0.0110817,-1.99698,-1.99698,-0.000551569,-0.00464502,1.99459,1.99458,-0.000548159,-20.858,0.000763303,0.000766066,-0.000122176,-0.170777,-0.000540778,-0.00051922,0.0220833,-0.417625,-0.347835,-0.347852,-0.0192649,0.0213678
1.00578,1.00577,-0.000321452,0.0118455,-1.99707,-1.99707,-0.000483162,-0.00422435,1.99403,1.99402,-0.000581013,-20.858,0.000921707,0.000928971,0.00803981,-0.194322,-0.000473569,-0.000457412,0.0177097,-0.614747,-0.347783,-0.347805,-0.0237059,0.243287
1.00605,1.00605,-0.00012206,0.0123644,-1.99723,-1.99724,-0.000585053,-0.00389439,1.99341,1.9934,-0.000612042,-20.858,0.00101568,0.0010258,0.0111277,-0.286357,-0.000433671,-0.000424208,0.0103197,-0.758143,-0.347741,-0.347764,-0.0258768,0.494482
1.00632,1.00633,0.000137249,0.0126469,-1.99751,-1.99752,-0.000904362,-0.00346222,1.9926,1.99258,-0.000779149,-20.8582,0.00102829,0.00103298,0.00548204,-0.385473,-0.000389724,-0.000389356,-0.000582151,-0.813566,-0.347704,-0.347728,-0.02729,0.762984
1.00651,1.00651,0.00031876,0.0126188,-1.9978,-1.99781,-0.00117158,-0.00274126,1.99185,1.99185,-0.000776587,-20.8582,0.000990249,0.000987814,-0.0027224,-0.399072,-0.000317646,-0.000326266,-0.00953774,-0.749576,-0.347685,-0.347711,-0.0284351,1.04228
1.00667,1.00667,0.000455141,0.0123877,-1.99814,-1.99815,-0.00141533,-0.00178581,1.99105,1.99104,-0.000783055,-20.8582,0.000932438,0.000926837,-0.00617442,-0.358219,-0.000198397,-0.000209385,-0.0121054,-0.626458,-0.347679,-0.347705,-0.0293827,1.33068
1.00682,1.00683,0.00054998,0.012036,-1.99857,-1.99859,-0.0016482,-0.000689968,1.99,1.98999,-0.000970385,-20.8584,0.000819861,0.00080935,-0.0116374,-0.292195,3.63476e-06,-2.99449e-06,-0.00721456,-0.494493,-0.34769,-0.347718,-0.0300447,1.62563
1.00692,1.00692,0.000560692,0.0115794,-1.99895,-1.99897,-0.0016879,0.000598429,1.98904,1.98903,-0.000986426,-20.8584,0.00071083,0.000693702,-0.0188886,-0.151565,0.000192641,0.000193652,0.00116527,-0.443924,-0.347717,-0.347745,-0.0303847,1.92414
1.00698,1.00698,0.000671956,0.0110606,-1.99931,-1.99933,-0.00161161,0.00190567,1.98803,1.9881,0.00782466,-20.86,0.000635301,0.000615169,-0.022147,0.0500735,0.000359407,0.000365166,0.00635465,-0.466935,-0.34776,-0.347788,-0.030353,2.22317
1.00699,1.007,0.000778635,0.0103224,-1.99971,-1.99973,-0.00154104,0.00307589,1.98771,1.98791,0.0208503,-20.8752,0.000607812,0.000590232,-0.0192792,0.264294,0.0004934,0.000500542,0.00790435,-0.528546,-0.347832,-0.34786,-0.0300918,2.51744
1.00696,1.00696,0.000695758,0.00953876,-2.00002,-2.00003,-0.00132043,0.00421667,1.98871,1.98891,0.0222227,-20.8973,0.000606331,0.000598173,-0.00883522,0.41979,0.000548722,0.000553831,0.0055791,-0.595266,-0.347911,-0.347938,-0.029358,2.80644
1.00687,1.00688,0.000541129,0.00883093,-2.0003,-2.00031,-0.0010076,0.00512603,1.99065,1.99078,0.0138396,-20.9148,0.000572555,0.000573571,0.00118215,0.450026,0.000567738,0.000566512,-0.0014458,-0.625527,-0.348009,-0.348035,-0.0281075,3.08485
1.0067,1.0067,0.000336477,0.00820787,-2.00062,-2.00063,-0.000743581,0.00568872,1.99358,1.99361,0.00258322,-20.9207,0.000451452,0.000455922,0.00493738,0.4044,0.000589927,0.000582696,-0.00798746,-0.571498,-0.348153,-0.348162,-0.00947292,3.31215
1.00649,1.00649,0.000383535,0.00769673,-2.00086,-2.00087,-0.000458405,0.00604786,1.99585,1.99574,-0.0116522,-20.9151,0.000295442,0.000296907,0.0015456,0.341032,0.000630387,0.000621468,-0.00981954,-0.475906,-0.348279,-0.348255,0.0259989,3.23375
1.00623,1.00623,0.00062892,0.00695832,-2.00108,-2.00109,-0.000220215,0.00618433,1.99739,1.99719,-0.0214042,-20.8961,0.000122634,0.000116051,-0.00731242,0.348185,0.000677875,0.000669267,-0.00946361,-0.373367,-0.3484,-0.348355,0.0490921,2.83197
1.00588,1.00588,0.000733187,0.00592566,-2.00131,-2.00132,-0.000131782,0.00611675,1.9979,1.99772,-0.0201497,-20.8736,-3.50808e-05,-4.7027e-05,-0.0131581,0.438979,0.000727446,0.000720078,-0.00809405,-0.279645,-0.348532,-0.348482,0.0547417,2.28961
1.00556,1.00556,0.000798133,0.00482678,-2.00147,-2.00147,-5.43607e-05,0.0060591,1.99751,1.99741,-0.0109246,-20.8571,-0.000102441,-0.000113521,-0.0121439,0.56717,0.000754856,0.000748864,-0.00657846,-0.202805,-0.34863,-0.348582,0.052714,1.73789
1.00522,1.00522,0.000785272,0.00369601,-2.00158,-2.00158,6.29921e-05,0.0059529,1.99693,1.9969,-0.00313064,-20.8514,-0.000122662,-0.000124996,-0.00243563,0.655184,0.000755777,0.000751048,-0.00518837,-0.143516,-0.348715,-0.348671,0.0480592,1.22355
1.00486,1.00487,0.000737238,0.00259953,-2.00165,-2.00165,0.000216636,0.00575725,1.99635,1.99634,-0.0010486,-20.8501,-0.000145012,-0.000138916,0.00675901,0.626004,0.000724888,0.000721163,-0.00408539,-0.099909,-0.348788,-0.348763,0.0269343,0.795545
1.00444,1.00444,0.000615218,0.00149819,-2.00169,-2.00169,0.000458484,0.00541055,1.99559,1.99558,-0.000771356,-20.85,-0.000220165,-0.000211376,0.00968844,0.533281,0.000641898,0.000638743,-0.00345601,-0.0705251,-0.348868,-0.348863,0.00613314,0.641309
1.00407,1.00408,0.00056289,0.000549827,-2.0017,-2.0017,0.000635078,0.00482991,1.99486,1.99485,-0.000732172,-20.85,-0.000315083,-0.000306189,0.00978526,0.42453,0.000533038,0.000530356,-0.00293497,-0.0492532,-0.348938,-0.348937,0.000621881,0.607639
1.00365,1.00364,0.000433388,-0.000395446,-2.00169,-2.00169,0.000645944,0.00418973,1.99385,1.99383,-0.000952694,-20.8502,-0.000451973,-0.000446588,0.00823104,0.318713,0.000360265,0.000349,-0.00956591,-0.0229007,-0.349025,-0.349027,-0.000628251,0.600115
1.00331,1.00331,0.000386589,-0.00115916,-2.00165,-2.00165,0.000592831,0.00360594,1.99289,1.99289,-0.000987364,-20.8502,-0.00058565,-0.000579812,0.00641787,0.230791,0.00021786,0.00020176,-0.0177502,0.100316,-0.349099,-0.3491,-0.000768044,0.59967
1.00301,1.00302,0.000314518,-0.00179846,-2.00158,-2.00157,0.000520351,0.00311735,1.99187,1.9919,0.00372001,-20.8514,-0.000733998,-0.000729821,0.00459299,0.161091,0.000112421,9.39765e-05,-0.020281,0.284926,-0.349172,-0.349173,-0.00072845,0.600267
1.00272,1.00272,0.000137029,-0.0023285,-2.00142,-2.00141,0.000498241,0.00276931,1.99095,1.99103,0.00876966,-20.8587,-0.000931477,-0.000934087,-0.00294314,0.119999,4.03311e-05,2.45224e-05,-0.0173406,0.472971,-0.349263,-0.349264,-0.000840988,0.599176
1.00252,1.00252,-2.40798e-05,-0.00259527,-2.0012,-2.00119,0.000717263,0.0024354,1.99067,1.99072,0.00538308,-20.8675,-0.00105707,-0.00106631,-0.0101987,0.174071,2.74682e-05,1.75368e-05,-0.0108625,0.617806,-0.349344,-0.349345,-0.000830035,0.599301
1.00238,1.00238,-0.000202178,-0.00262894,-2.00093,-2.00092,0.00104857,0.00182891,1.99051,1.99052,0.00126828,-20.8706,-0.0010909,-0.00110104,-0.0111415,0.28367,3.7409e-05,3.78784e-05,0.000624445,0.681582,-0.349422,-0.349423,-0.000780441,0.599832
1.00226,1.00225,-0.000382885,-0.00246554,-2.00054,-2.00052,0.00138825,0.00100441,1.99027,1.99027,7.52308e-05,-20.8714,-0.00101548,-0.00101802,-0.0027227,0.373703,1.7272e-05,2.47432e-05,0.00826107,0.630285,-0.349515,-0.349516,-0.000871,0.598971
1.00217,1.00216,-0.000495411,-0.00211962,-2.00016,-2.00014,0.00168822,-0.00013064,1.99004,1.99003,-0.000180492,-20.8715,-0.000896437,-0.000892723,0.00411271,0.375689,-3.63531e-05,-2.67793e-05,0.0105445,0.528324,-0.349596,-0.349596,-0.000832726,0.599332
1.00208,1.00207,-0.00070812,-0.00162932,-1.99976,-1.99974,0.00183356,-0.00151155,1.98979,1.98979,-0.000233265,-20.8716,-0.000728288,-0.000715407,0.0142476,0.312211,-0.000120969,-0.000111739,0.0101521,0.414742,-0.34968,-0.349681,-0.000828455,0.599346
1.00198,1.00197,-0.000805149,-0.000951781,-1.99935,-1.99933,0.00179004,-0.00293066,1.98957,1.98963,0.00654621,-20.8737,-0.000555577,-0.000533472,0.0231599,0.142206,-0.000233423,-0.000226568,0.00848407,0.309167,-0.34977,-0.349771,-0.000872855,0.598927
1.00188,1.00187,-0.000755716,-0.000265193,-1.99895,-1.99894,0.00159663,-0.00424431,1.98992,1.99003,0.0119807,-20.8829,-0.000434042,-0.000410328,0.0260764,-0.0959615,-0.000368257,-0.000362423,0.00641285,0.22039,-0.349863,-0.349864,-0.000921864,0.598498
1.00179,1.00179,-0.000443222,0.00029263,-1.99863,-1.99861,0.00126437,-0.00537057,1.99089,1.99102,0.0139474,-20.8951,-0.000387795,-0.000367917,0.0218081,-0.33878,-0.000500018,-0.000495888,0.00454074,0.1521,-0.349949,-0.34995,-0.00087255,0.598993
1.00174,1.00174,-0.000342679,0.000594099,-1.99827,-1.99826,0.00106198,-0.00617142,1.99292,1.99299,0.0080504,-20.9053,-0.000387569,-0.000380582,0.00755113,-0.501433,-0.000680976,-0.000684234,-0.00363836,0.118195,-0.350057,-0.350057,-0.00101617,0.597575
1.00174,1.00174,-0.000277634,0.000916023,-1.99802,-1.99801,0.000786666,-0.00685075,1.99474,1.99468,-0.00632582,-20.9054,-0.000353703,-0.000356041,-0.00263499,-0.517687,-0.000795314,-0.000805267,-0.0109846,0.180078,-0.350145,-0.350146,-0.000946734,0.598326
1.00182,1.00182,-0.000156348,0.00121827,-1.99776,-1.99775,0.000552473,-0.00725682,1.99622,1.99608,-0.0157714,-20.8925,-0.000232741,-0.00023629,-0.00636702,-0.457056,-0.000862622,-0.000873927,-0.0118253,0.292801,-0.350255,-0.350246,0.0114181,0.551292
1.00194,1.00194,-4.88198e-05,0.00145166,-1.99759,-1.99759,0.000281864,-0.00750037,1.99657,1.99642,-0.0161688,-20.8754,-8.35817e-05,-8.3933e-05,-0.000338976,-0.397474,-0.000874031,-0.000876774,-0.00293589,0.375905,-0.350339,-0.350321,0.0201728,0.380026
1.00212,1.00212,-0.000191473,0.0017183,-1.99746,-1.99746,4.3492e-05,-0.00753881,1.99635,1.99629,-0.00694257,-20.863,5.87029e-05,6.44542e-05,0.00635826,-0.413362,-0.000881666,-0.000878764,0.00322679,0.37061,-0.350417,-0.350395,0.0240256,0.150129
1.0024,1.0024,-0.000342796,0.00225836,-1.99736,-1.99736,-0.00016039,-0.00738658,1.99602,1.996,-0.00186514,-20.8594,0.000180627,0.000189021,0.00922962,-0.481714,-0.000886374,-0.0008812,0.00570395,0.323945,-0.350499,-0.350475,0.0262669,-0.109203
1.00266,1.00266,-0.000518613,0.0029599,-1.99732,-1.99733,-0.000578926,-0.00700329,1.99574,1.99573,-0.000596658,-20.8586,0.00022818,0.00023414,0.00652528,-0.559668,-0.000883917,-0.000878236,0.00624906,0.26344,-0.350556,-0.35053,0.0284646,-0.388281
1.00294,1.00294,-0.000620684,0.00380848,-1.99731,-1.99732,-0.000758651,-0.0063049,1.99542,1.99542,-0.000357044,-20.8585,0.000230088,0.000227513,-0.00290553,-0.584405,-0.000866174,-0.000860831,0.00587011,0.204003,-0.350599,-0.350572,0.0302145,-0.685574
1.00326,1.00325,-0.000646233,0.00474023,-1.99732,-1.99733,-0.000756068,-0.00554684,1.99503,1.99502,-0.000363257,-20.8585,0.000233783,0.000226403,-0.00814416,-0.525231,-0.000823545,-0.000818852,0.00515212,0.152616,-0.350629,-0.350601,0.0316666,-0.997381
1.00363,1.00363,-0.000580165,0.00572879,-1.99736,-1.99737,-0.000681857,-0.00485933,1.99449,1.99448,-0.000484235,-20.8587,0.000263467,0.000254905,-0.0094235,-0.432456,-0.000734997,-0.000730842,0.00455751,0.112923,-0.350645,-0.350615,0.0328417,-1.32114
1.00394,1.00394,-0.000560969,0.00661889,-1.99741,-1.99742,-0.0005798,-0.00427857,1.99397,1.99397,-0.00052108,-20.8587,0.000313607,0.000305636,-0.0087647,-0.335187,-0.000626552,-0.000622961,0.00393496,0.0815266,-0.350641,-0.35061,0.0337561,-1.65339
1.00424,1.00423,-0.000510923,0.00744506,-1.99749,-1.99749,-0.00048267,-0.00381765,1.99339,1.99339,-0.000552484,-20.8587,0.000380397,0.000373781,-0.0072708,-0.247885,-0.000491037,-0.000481496,0.0105384,0.0299194,-0.35062,-0.350589,0.0343181,-1.99159
1.00455,1.00455,-0.000384308,0.00821093,-1.99761,-1.99761,-0.000427618,-0.00348693,1.99262,1.99262,-0.000709775,-20.8589,0.000473262,0.000468324,-0.00542614,-0.174674,-0.000343973,-0.000329153,0.0163213,-0.090767,-0.350571,-0.350539,0.0346094,-2.33105
1.00478,1.00478,-0.000268795,0.00877253,-1.99774,-1.99775,-0.000597505,-0.00313378,1.9919,1.9919,-0.000728731,-20.8589,0.000565024,0.00056156,-0.00380745,-0.119103,-0.000253345,-0.000237553,0.01736,-0.252818,-0.350507,-0.350476,0.0343707,-2.66978
1.00497,1.00497,-0.000120081,0.00914853,-1.99791,-1.99791,-0.000747645,-0.00261043,1.99112,1.99112,-0.000739447,-20.8589,0.000654529,0.000652224,-0.00253346,-0.0789977,-0.000198831,-0.000186022,0.0140542,-0.407771,-0.350425,-0.350394,0.0336454,-3.00238
1.00514,1.00514,5.60664e-05,0.00934585,-1.99813,-1.99814,-0.00087547,-0.00201495,1.99013,1.99013,-0.000895279,-20.859,0.000741967,0.000740583,-0.0015235,-0.050436,-0.000166978,-0.000164843,0.00225536,-0.493684,-0.350302,-0.350273,0.0326513,-3.32228
1.00525,1.00525,0.000194317,0.00933011,-1.99835,-1.99836,-0.000937757,-0.00132673,1.98923,1.98922,-0.000897344,-20.859,0.000793081,0.000792193,-0.000977028,-0.0329791,-0.000119401,-0.00012358,-0.00463894,-0.4731,-0.350178,-0.350175,0.00344567,-3.51233
1.00533,1.00533,0.00031301,0.00914889,-1.99861,-1.99862,-0.00100817,-0.000591399,1.98834,1.98841,0.0074267,-20.8626,0.000815519,0.000814865,-0.000719074,-0.0225795,-4.04356e-05,-4.68657e-05,-0.00709089,-0.405097,-0.350046,-0.350064,-0.0193963,-3.41381
1.00539,1.00539,0.000598097,0.00876232,-1.99895,-1.99896,-0.00112553,0.000138101,1.98804,1.98821,0.0189392,-20.8758,0.000798565,0.000797905,-0.000724429,-0.0172931,9.13987e-05,8.50618e-05,-0.00697841,-0.320705,-0.349889,-0.349917,-0.0307384,-3.14258
1.00541,1.00542,0.000670487,0.00813945,-1.99926,-1.99927,-0.00116549,0.000979828,1.98888,1.98905,0.0182658,-20.8944,0.000746936,0.000746162,-0.000846027,-0.0146043,0.000203386,0.000203766,0.000464684,-0.271968,-0.349766,-0.349811,-0.0491476,-2.73736
1.00541,1.00542,0.000601989,0.00749323,-1.99965,-1.99966,-0.00136978,0.00185284,1.99091,1.99107,0.0176639,-20.9102,0.000623059,0.000622016,-0.0013637,-0.0165377,0.000295161,0.000299377,0.00475298,-0.291655,-0.349634,-0.349685,-0.0556561,-2.19162
1.00538,1.00538,0.000477474,0.00691718,-1.99996,-1.99997,-0.00135531,0.00289768,1.99336,1.99342,0.00659324,-20.9204,0.000461983,0.000453315,-0.00957636,0.0169039,0.000342436,0.000341847,-0.000695088,-0.312081,-0.349537,-0.349586,-0.053893,-1.62936
1.00532,1.00532,0.000340948,0.00644512,-2.00025,-2.00026,-0.00119385,0.00389305,1.99582,1.9957,-0.0126125,-20.9154,0.000301639,0.000286914,-0.0162189,0.131634,0.000392724,0.000389365,-0.0037149,-0.282841,-0.349452,-0.349497,-0.0486757,-1.10601
1.00523,1.00523,0.000217496,0.00607994,-2.00049,-2.0005,-0.000919352,0.00472578,1.99736,1.99715,-0.0230582,-20.8955,0.000181529,0.000164481,-0.0187494,0.297394,0.00044697,0.000442787,-0.00460985,-0.235104,-0.34938,-0.349396,-0.0169991,-0.754999
1.00507,1.00507,8.35154e-05,0.00577012,-2.00073,-2.00073,-0.000599249,0.00525664,1.99782,1.99763,-0.0211306,-20.8724,0.000101566,8.7467e-05,-0.0154723,0.463948,0.000521621,0.000517742,-0.00426909,-0.182687,-0.349292,-0.349295,-0.00313318,-0.657794
