0,-0,-0,0,0,-0,0.5,0.5,30,-0,-0,-500,6.03393,4.78621,5.18991,5.93917,4.88097,5.09515,-0,0,0,0,0,0
0,-0,-0,0,0,-0,0.5,0.5,30,-0,-0,-500,6.03393,4.78621,5.18991,5.93917,4.88097,5.09515,-0,0,0,0,0,0
-0.000136158,1.84784e-05,0.0789384,-1.82696e-05,-5.03706e-05,-0.000740333,0.5,0.5,28.819,7.58377e-05,0.000210435,-500,5.82447,4.57675,4.98044,5.72971,4.67151,4.88568,-5.67669e-06,-7.70221e-07,-0.00308789,7.58377e-05,0.000210435,0.0030828
-0.000136158,1.84784e-05,0.0789384,-1.82696e-05,-5.03706e-05,-0.000740333,0.5,0.5,28.819,7.58377e-05,0.000210435,-500,5.82447,4.57675,4.98044,5.72971,4.67151,4.88568,-5.67669e-06,-7.70221e-07,-0.00308789,7.58377e-05,0.000210435,0.0030828
0.000251413,-0.000365673,0.083388,0.000332578,-0.000347401,-0.00105328,0.5,0.5,27.5462,13.3055,-11.2683,-500,5.60033,4.34406,4.74614,5.50234,4.45268,4.66848,0.0165956,-0.0175402,-0.89106,0.0426698,-0.0357538,15.832
0.00322426,-0.00332886,0.12586,0.0030166,-0.00265988,-0.00340703,0.5,0.5,24.015,39.481,-34.1325,-500,4.97753,3.70413,4.10271,4.87254,3.84002,4.05931,0.0505947,-0.0545801,-2.94917,0.179377,-0.154111,51.4818
0.00820205,-0.00834571,0.195337,0.00696539,-0.00614167,-0.00716716,0.5,0.5,21.6322,56.2431,-49.4585,-500,4.55745,3.27277,3.6688,4.44737,3.42612,3.64796,0.089894,-0.0975772,-5.29751,-0.146873,0.115014,93.1546
0.0160748,-0.0163836,0.292426,0.0118039,-0.0105385,-0.0127362,0.5,0.5,19.8681,60.849,-55.394,-500,4.24605,2.95749,3.35204,4.133,3.11564,3.33895,0.126637,-0.140327,-7.40561,-1.84955,1.56169,133.464
0.0294728,-0.0302486,0.423637,0.017383,-0.0160434,-0.021547,0.5,0.5,18.6286,53.7594,-54.6914,-500,4.02774,2.74135,3.13437,3.91164,2.89211,3.11696,0.16233,-0.181501,-9.14542,-5.51818,4.73592,171.518
0.0439499,-0.0453876,0.532791,0.0210781,-0.0202814,-0.0305204,0.5,0.5,18.6529,38.8443,-46.9317,-473.665,4.02994,2.75592,3.14357,3.91807,2.88616,3.11638,0.195437,-0.218416,-10.5156,-10.3408,9.00542,206.361
0.0624352,-0.0648476,0.640153,0.0237358,-0.0240034,-0.0414868,0.5,0.5,19.0951,22.5966,-35.6988,-388.144,4.09943,2.85091,3.22319,4.00543,2.94802,3.19361,0.224729,-0.251566,-11.5572,-15.0991,13.5007,237.359
0.0841431,-0.0878037,0.736095,0.0254479,-0.0269531,-0.0538545,0.5,0.5,19.6831,12.8768,-26.6404,-301.994,4.19401,2.96844,3.32594,4.11945,3.03909,3.29945,0.246736,-0.285058,-12.373,-18.749,17.4335,263.981
0.114545,-0.120077,0.837833,0.027128,-0.0299905,-0.0702785,0.309354,0.5,20.1144,12.4572,-23.1506,-201.678,4.16663,3.24046,3.30171,4.11401,3.29166,3.29087,0.271539,-0.311051,-13.0951,-20.836,20.4293,284.281
0.144477,-0.151981,0.916273,0.0288516,-0.0326573,-0.0853949,0.0628847,0.5,20.3364,19.1642,-25.1463,-122.203,4.07751,3.52407,3.2108,4.04165,3.5672,3.22031,0.291535,-0.335051,-13.7527,-21.2992,22.0849,294.648
0.178566,-0.188705,0.990652,0.0311822,-0.0354953,-0.101532,-0.164313,0.5,20.3588,28.1137,-22.8926,-42.0171,3.95984,3.75242,3.09516,3.94586,3.78967,3.12249,0.30001,-0.360993,-14.3855,-20.9017,22.8847,295.097
0.223232,-0.238524,1.07493,0.034564,-0.0380749,-0.121495,-0.386555,0.5,20.0836,32.7035,-7.92643,45.8251,3.78646,3.92614,2.93528,3.80502,3.95152,2.96815,0.295637,-0.379098,-14.971,-20.448,23.3032,286.978
0.262368,-0.284728,1.14177,0.0373837,-0.0386067,-0.13825,-0.5,0.5,19.92,28.8505,13.2682,110.544,3.68747,4.01582,2.85541,3.73541,4.02493,2.87942,0.269215,-0.397674,-15.5333,-20.4794,23.6069,271.02
0.303525,-0.336887,1.20759,0.0398562,-0.0371614,-0.155361,-0.5,0.5,19.8003,18.9319,37.0308,167.439,3.6527,4.00514,2.84208,3.7277,3.99313,2.85027,0.22169,-0.417805,-16.0307,-21.1817,23.3008,247.863
0.352989,-0.406084,1.28198,0.0419219,-0.0327716,-0.175545,-0.5,0.206262,19.715,4.07051,61.5483,223.93,3.37712,4.00312,3.08446,3.4772,3.96492,3.07349,0.164274,-0.429298,-16.471,-22.0944,21.561,218.112
0.392499,-0.467804,1.33813,0.0429298,-0.0275459,-0.191562,-0.5,-0.128183,19.8107,-4.23868,72.1602,269.631,3.10486,4.02875,3.38634,3.21885,3.97324,3.37013,0.104413,-0.438473,-16.8439,-22.5411,18.0059,184.929
0.431554,-0.535335,1.3909,0.0435225,-0.0215596,-0.2073,-0.5,-0.439785,19.9286,-11.4094,70.3591,303.692,2.86222,4.05662,3.66808,2.97731,3.98718,3.65621,0.041186,-0.448238,-17.159,-21.9967,12.6259,149.138
0.475482,-0.619053,1.44715,0.0430399,-0.0147618,-0.224666,-0.462689,-0.5,20.0392,-27.7337,56.0036,319.333,2.85843,4.04985,3.75298,2.95502,3.96044,3.74853,-0.0120578,-0.419159,-17.4472,-20.4224,5.39633,110.312
0.510341,-0.691098,1.48987,0.0405721,-0.00969866,-0.238027,-0.401554,-0.5,20.1456,-54.1714,36.8966,329.471,2.92163,4.02387,3.79895,2.98914,3.905,3.79988,-0.0618325,-0.367521,-17.7074,-18.2194,-2.02511,71.124
0.542546,-0.761907,1.52808,0.0355513,-0.00518475,-0.249989,-0.337559,-0.5,20.2575,-82.562,22.0939,338.724,2.98587,3.99703,3.84983,3.02699,3.84682,3.85109,-0.106062,-0.29634,-17.9476,-15.1269,-8.61435,32.5817
0.580376,-0.850568,1.57172,0.026437,0.000659862,-0.263516,-0.272885,-0.5,20.3202,-100,18.8433,334.919,3.03487,3.95383,3.8959,3.06325,3.78618,3.89028,-0.139602,-0.218672,-18.1716,-10.5472,-13.279,-3.63755
0.609664,-0.923348,1.60484,0.0182531,0.00614284,-0.273427,-0.220492,-0.5,20.38,-98.783,26.3662,327.594,3.06798,3.91204,3.9358,3.1024,3.74705,3.92264,-0.16339,-0.141949,-18.3827,-3.86556,-15.9429,-37.4569
0.636027,-0.991932,1.63443,0.0110954,0.0120502,-0.281762,-0.170253,-0.5,20.4359,-84.1036,36.8619,315.793,3.09495,3.86423,3.97223,3.14424,3.71677,3.95502,-0.181512,-0.074954,-18.5831,4.62794,-17.0661,-68.7391
0.660103,-1.05727,1.66149,0.00504571,0.0183154,-0.288819,-0.121811,-0.5,20.4862,-68.7979,44.3316,300.487,3.12157,3.81652,4.00559,3.18267,3.6879,3.98671,-0.189952,-0.0127978,-18.7687,13.8471,-17.8958,-96.6323
0.6867,-1.13314,1.69195,-0.00143674,0.0260072,-0.295928,-0.0576996,-0.5,20.5018,-55.9965,45.28,270.566,3.15465,3.7473,4.03953,3.21761,3.63769,4.02079,-0.189982,0.0487344,-18.9409,22.0594,-19.1217,-120.636
0.706027,-1.19162,1.71504,-0.00641299,0.0318005,-0.300553,0.00532059,-0.5,20.5349,-47.955,38.1412,245.394,3.19474,3.68518,4.07318,3.25068,3.58872,4.0603,-0.188085,0.0976124,-19.0997,28.336,-20.8718,-141.001
0.722879,-1.24591,1.73645,-0.0112625,0.036593,-0.304123,0.0675115,-0.5,20.5695,-42.2628,24.3248,218.587,3.23848,3.6252,4.10445,3.27983,3.53975,4.10192,-0.178165,0.142192,-19.2456,32.769,-23.1445,-157.335
0.737404,-1.29614,1.75645,-0.0164707,0.0400858,-0.306771,0.126929,-0.417045,20.6056,-43.7989,6.40405,191.891,3.35486,3.57196,4.06463,3.37419,3.48996,4.0724,-0.162409,0.187453,-19.3812,35.5678,-25.2253,-169.434
0.751811,-1.35013,1.77863,-0.0239394,0.0426672,-0.308863,0.192683,-0.212787,20.6235,-55.7122,-11.367,159.821,3.57664,3.51422,3.92558,3.56765,3.4259,3.9371,-0.141668,0.229122,-19.5073,37.1414,-26.4013,-177.56
0.761178,-1.38794,1.79509,-0.0309707,0.0440299,-0.309796,0.233357,-0.031534,20.6482,-63.7869,-16.4396,134.836,3.76057,3.48079,3.79897,3.73807,3.38879,3.80613,-0.118729,0.256698,-19.6206,37.9214,-26.0792,-182.077
0.768866,-1.42108,1.81073,-0.0382022,0.0451794,-0.310133,0.266954,0.151675,20.6543,-58.1985,-13.6889,104.628,3.93282,3.44336,3.66444,3.90999,3.3629,3.6663,-0.090814,0.277334,-19.7244,39.0558,-24.1727,-183.157
0.775601,-1.45308,1.82768,-0.0449171,0.0462373,-0.309835,0.307591,0.344055,20.6501,-34.0111,-5.39211,66.061,4.10788,3.38676,3.52223,4.09782,3.33881,3.5219,-0.0591063,0.278984,-19.824,40.9733,-20.9963,-181.116
0.779415,-1.47467,1.84088,-0.0481289,0.0468801,-0.309126,0.340516,0.473847,20.6523,-4.95165,5.84228,34.479,4.22421,3.33693,3.42961,4.23344,3.32524,3.42829,-0.0274707,0.257362,-19.9105,43.0149,-17.5978,-176.325
0.781742,-1.49509,1.85561,-0.0486254,0.0472074,-0.30789,0.392825,0.5,20.6451,32.1176,11.3073,1.4104,4.26151,3.26223,3.42769,4.28871,3.29542,3.43448,0.00568696,0.222231,-19.9909,44.0694,-14.7087,-168.681
0.781647,-1.50907,1.86773,-0.046285,0.0463712,-0.30659,0.442449,0.5,20.6519,60.819,4.76444,-22.7519,4.28467,3.19784,3.44494,4.31634,3.26551,3.46801,0.039179,0.171101,-20.0622,42.9432,-12.8487,-158.304
0.779672,-1.51949,1.87841,-0.0425719,0.0439838,-0.30531,0.484296,0.5,20.6761,71.2436,-11.9913,-37.8861,4.31564,3.15449,3.46079,4.33475,3.23588,3.50154,0.0733542,0.11329,-20.1264,38.8994,-12.0098,-145.594
0.776229,-1.52741,1.88794,-0.0390547,0.0400207,-0.30413,0.5,0.5,20.702,62.7679,-33.9654,-47.5463,4.3409,3.14726,3.46623,4.33394,3.22166,3.52056,0.109197,0.0540271,-20.1821,31.9635,-11.5897,-130.979
0.770777,-1.53456,1.8982,-0.0363797,0.0334054,-0.302895,0.5,0.5,20.7222,42.7183,-58.6493,-52.9407,4.36137,3.16079,3.46443,4.32068,3.21533,3.52956,0.145838,-0.00162607,-20.2355,22.9051,-10.437,-115.051
0.765636,-1.53912,1.90607,-0.0354327,0.0267659,-0.302043,0.5,0.5,20.7397,25.7942,-68.4631,-58.1033,4.37379,3.17221,3.468,4.31445,3.2101,3.53219,0.179732,-0.0501198,-20.2819,14.2698,-8.00928,-99.9513
0.760686,-1.54258,1.91321,-0.0350912,0.0200977,-0.30138,0.465393,0.5,20.754,14.737,-64.6096,-65.9605,4.36135,3.21349,3.45903,4.29823,3.24135,3.5125,0.213342,-0.0966329,-20.3264,6.7927,-3.6682,-84.6988
0.756371,-1.54523,1.91985,-0.0346963,0.0139583,-0.300868,0.405063,0.5,20.7665,10.712,-51.7747,-73.3128,4.33013,3.27591,3.43939,4.2751,3.30097,3.47778,0.242371,-0.13771,-20.369,1.5923,2.25052,-70.4106
0.752809,-1.54748,1.92696,-0.0334092,0.00794303,-0.300482,0.321588,0.5,20.7701,16.2783,-32.2974,-77.1977,4.28022,3.35464,3.40706,4.24493,3.38623,3.43004,0.267451,-0.175572,-20.4096,-1.64726,8.61807,-56.6481
0.751312,-1.54888,1.93247,-0.0310988,0.00386458,-0.300367,0.245961,0.5,20.771,27.7822,-17.7754,-77.7955,4.23404,3.42246,3.37397,4.21773,3.46614,3.38974,0.285843,-0.209012,-20.4449,-3.34384,13.8875,-43.9543
0.751229,-1.55011,1.9379,-0.0272565,0.000196619,-0.30048,0.175884,0.5,20.7686,41.5448,-5.24295,-77.2766,4.19018,3.48321,3.34142,4.19244,3.54114,3.35315,0.295967,-0.238958,-20.4787,-4.54411,17.5786,-31.9455
0.752878,-1.55168,1.94374,-0.0214244,-0.00384502,-0.300947,0.108213,0.5,20.7672,52.773,-0.085309,-70.3282,4.15104,3.54372,3.30694,4.16512,3.61202,3.32117,0.297937,-0.267076,-20.511,-6.15209,19.4315,-20.3698
0.755452,-1.55355,1.94813,-0.0162077,-0.00725384,-0.301606,0.0645277,0.5,20.7731,54.7582,-5.61693,-64.2317,4.1322,3.58689,3.28311,4.14349,3.65611,3.30453,0.292372,-0.291453,-20.5381,-8.46305,19.5388,-10.3778
0.759037,-1.55643,1.95221,-0.0111046,-0.0109442,-0.302515,0.0308444,0.422711,20.7836,50.1552,-12.6597,-58.0649,4.0562,3.62456,3.33122,4.0599,3.68781,3.35777,0.27927,-0.315075,-20.5629,-11.7976,18.4251,-1.27971
0.763647,-1.56084,1.95597,-0.00647378,-0.0148775,-0.303662,-0.00115542,0.322008,20.7996,41.2781,-18.4089,-51.4625,3.96273,3.66383,3.40256,3.95787,3.71658,3.43091,0.261976,-0.3359,-20.5852,-15.7013,17.0891,6.22251
0.77025,-1.56825,1.95987,-0.00205062,-0.0191957,-0.305226,-0.0469787,0.198023,20.812,29.075,-19.9332,-43.0908,3.84103,3.71784,3.48877,3.83002,3.7563,3.51374,0.241439,-0.352119,-20.6064,-19.5492,16.1516,12.4799
0.777016,-1.57643,1.96282,0.000811362,-0.0222505,-0.306709,-0.0893431,0.0968852,20.8174,15.0687,-16.855,-36.4912,3.7376,3.768,3.55885,3.72333,3.79061,3.57499,0.217811,-0.361522,-20.6252,-22.5338,15.7849,17.2967
0.785351,-1.58662,1.96565,0.00297687,-0.0245646,-0.30839,-0.141063,0.0116037,20.8165,1.22143,-9.883,-29.3198,3.64005,3.82614,3.61155,3.62621,3.83297,3.61554,0.193289,-0.35823,-20.6443,-24.485,15.9661,20.9697
0.796925,-1.60037,1.96874,0.00458579,-0.0259225,-0.310511,-0.209987,-0.0658735,20.814,-11.975,1.31193,-20.5328,3.53818,3.90058,3.65057,3.52924,3.892,3.63925,0.167202,-0.343781,-20.6622,-25.0287,16.2455,23.453
0.808284,-1.61326,1.97118,0.00543062,-0.0258912,-0.312417,-0.260257,-0.110596,20.8135,-15.5362,11.8624,-12.9695,3.47131,3.95206,3.6687,3.47146,3.93833,3.64745,0.137582,-0.323034,-20.678,-24.1474,16.2218,24.8833
0.820896,-1.62692,1.97345,0.00611668,-0.0248699,-0.314406,-0.301284,-0.131586,20.8144,-16.3268,21.5173,-4.53937,3.4288,3.9934,3.67034,3.43885,3.97726,3.64156,0.106204,-0.291741,-20.693,-21.9011,15.4725,25.3962
0.836989,-1.64358,1.9759,0.00695095,-0.0226463,-0.316837,-0.339871,-0.144637,20.8201,-15.3471,29.9259,5.17798,3.39503,4.03244,3.66618,3.41501,4.01547,3.63217,0.0732025,-0.255967,-20.7063,-18.8226,13.8088,25.0074
0.851453,-1.65809,1.97778,0.00763432,-0.020095,-0.318953,-0.351687,-0.14288,20.8293,-14.5768,33.8293,11.6519,3.3898,4.04579,3.66151,3.41494,4.0284,3.62561,0.0388544,-0.220018,-20.7178,-15.5699,11.3346,23.8333
0.865981,-1.6725,1.97945,0.00824543,-0.0171857,-0.321029,-0.344606,-0.137326,20.8381,-13.1604,34.8944,16.877,3.39816,4.04021,3.66146,3.42598,4.0233,3.62632,0.00185028,-0.186022,-20.7283,-12.3777,8.11307,21.81
0.880356,-1.68686,1.98093,0.00874176,-0.0140774,-0.323064,-0.325742,-0.127962,20.8483,-12.1456,33.5752,21.9938,3.41692,4.0236,3.66322,3.44505,4.00678,3.63077,-0.032477,-0.151421,-20.7384,-9.53358,4.41462,19.1943
0.896691,-1.70366,1.98247,0.00908846,-0.0103351,-0.325399,-0.297056,-0.124661,20.8566,-12.6177,30.9638,27.1732,3.43595,3.99784,3.67432,3.46247,3.97954,3.64496,-0.0634859,-0.120494,-20.7482,-7.07367,0.671922,16.1715
0.909751,-1.71777,1.98364,0.00911908,-0.00714732,-0.327305,-0.257814,-0.121114,20.8601,-13.1683,28.2427,30.7884,3.45973,3.96085,3.68966,3.48418,3.9413,3.66315,-0.0933297,-0.09475,-20.7578,-4.9133,-2.90561,12.7234
0.921636,-1.73142,1.98473,0.00894514,-0.0040112,-0.329073,-0.217293,-0.115852,20.8597,-13.4162,28.093,32.853,3.48378,3.92162,3.70469,3.50837,3.90142,3.67859,-0.116269,-0.0699707,-20.7675,-3.0555,-6.07164,9.12967
0.9348,-1.74786,1.98601,0.0085296,-0.000194246,-0.33108,-0.169037,-0.115057,20.854,-13.6598,24.0329,33.7456,3.50876,3.87378,3.72467,3.52973,3.85316,3.70227,-0.133624,-0.0488505,-20.7767,-1.39575,-8.67783,5.44482
0.944759,-1.76168,1.98708,0.00800534,0.00293795,-0.332666,-0.124067,-0.110051,20.8496,-13.2523,18.8496,35.1168,3.53623,3.8291,3.73901,3.55299,3.80864,3.72175,-0.145209,-0.029457,-20.7855,0.151326,-10.9131,1.70735
0.952977,-1.77446,1.98808,0.00737625,0.00569424,-0.334054,-0.0809003,-0.106054,20.8466,-12.6515,17.2707,36.0526,3.56057,3.78627,3.75518,3.57639,3.76626,3.73984,-0.152682,-0.0151045,-20.793,1.53602,-12.6303,-1.86923
0.959971,-1.78686,1.98902,0.00666859,0.0082638,-0.335319,-0.041553,-0.098632,20.9642,-11.7271,15.2887,35.6145,3.60756,3.76825,3.78785,3.62199,3.74929,3.77469,-0.15306,-0.000403627,-20.7995,2.78131,-13.8253,-5.17755
0.966853,-1.80146,1.99009,0.00574367,0.0111465,-0.336684,0.00605637,-0.0899208,20.805,-10.5643,12.3111,33.1253,3.61116,3.69278,3.77406,3.62304,3.6755,3.76373,-0.148725,0.0127813,-20.805,3.87148,-14.5498,-8.27277
0.971046,-1.81271,1.991,0.00492267,0.0131285,-0.337638,0.0426633,-0.0800864,20.6722,-12.1797,8.44644,31.5865,3.61604,3.63424,3.75885,3.6233,3.61556,3.75088,-0.140948,0.0232869,-20.8135,4.76519,-14.9311,-11.0605
0.974213,-1.82422,1.99221,0.00391877,0.0148291,-0.338531,0.0801113,-0.0708706,20.6847,-11.124,3.85515,30.0029,3.64623,3.59925,3.76934,3.6496,3.58198,3.76575,-0.129668,0.0302589,-20.8202,5.47621,-14.9959,-13.5767
0.976038,-1.83488,1.99303,0.00285511,0.016046,-0.339286,0.11192,-0.0590783,20.8174,-8.88553,0.0269311,27.8877,3.69658,3.59044,3.79633,3.69726,3.57589,3.79696,-0.114715,0.0373386,-20.8174,6.10908,-14.7604,-15.6396
0.976693,-1.84669,1.99296,0.0016615,0.0169356,-0.340023,0.143746,-0.0447708,20.8083,-5.5647,-3.95462,24.0016,3.72383,3.55569,3.79584,3.72192,3.54535,3.80106,-0.0971326,0.0434286,-20.8083,6.69879,-14.1467,-17.3377
0.976092,-1.85603,1.99219,0.000691249,0.0172312,-0.340522,0.170365,-0.0322441,20.8022,-3.55183,-7.28447,20.828,3.74759,3.52733,3.79544,3.74311,3.51968,3.80411,-0.0781849,0.0475863,-20.8022,7.1129,-13.1861,-18.6489
0.974676,-1.8642,1.99122,-0.000261086,0.0171498,-0.340896,0.185102,-0.0230377,20.9421,-3.07973,-9.97872,18.2446,3.78868,3.53729,3.81857,3.78153,3.53062,3.82943,-0.0570424,0.0487378,-20.8009,7.24879,-11.8728,-19.5913
0.972057,-1.87332,1.98973,-0.00154838,0.0166529,-0.341245,0.200878,-0.011449,21.1361,-3.327,-13.0065,14.9851,3.84231,3.55615,3.8499,3.83168,3.54984,3.86274,-0.0354769,0.049709,-20.8007,7.12328,-10.3026,-20.0889
0.969196,-1.8805,1.98836,-0.00276309,0.0159191,-0.341465,0.205818,-0.00102678,21.1366,-3.47215,-14.9231,12.1211,3.85477,3.55123,3.84305,3.8418,3.54531,3.857,-0.01389,0.0493671,-20.8057,6.83479,-8.53822,-20.2194
0.96595,-1.887,1.98754,-0.00402542,0.0149349,-0.341622,0.205109,0.00859049,21.0094,-3.31083,-16.3404,9.39879,3.84083,3.52901,3.81159,3.82615,3.52378,3.82639,0.00768255,0.0465587,-20.8226,6.48057,-6.67089,-20.0283
0.962363,-1.89301,1.98781,-0.00533985,0.0137076,-0.341734,0.200449,0.0207675,21.0306,-5.64984,-17.0772,6.98519,3.85376,3.53829,3.8033,3.83674,3.53108,3.81709,0.0279139,0.0439143,-20.8477,6.16495,-4.68044,-19.534
0.957952,-1.89929,1.98943,-0.00688141,0.012055,-0.34182,0.192576,0.038013,20.8077,-5.64878,-17.1455,0.671027,3.82558,3.50584,3.74595,3.8073,3.49982,3.7586,0.0464288,0.0405211,-20.87,5.88001,-2.67138,-18.7866
0.954278,-1.90384,1.99154,-0.00804205,0.0105798,-0.341861,0.178279,0.0524691,20.5822,-3.74259,-15.5842,-0.189533,3.7897,3.4787,3.68707,3.77366,3.47484,3.69915,0.0635989,0.0356011,-20.8871,5.68652,-0.722995,-17.8242
0.950877,-1.9076,1.994,-0.00889924,0.00910488,-0.341881,0.16206,0.0666169,20.5848,-0.731937,-13.7925,-1.39754,3.79273,3.49329,3.66783,3.77964,3.49279,3.67963,0.0777044,0.0305326,-20.8944,5.65003,1.12483,-16.5666
0.947663,-1.91082,1.99611,-0.00946585,0.0075524,-0.341899,0.144352,0.0794181,20.6811,2.36543,-12.333,-2.83004,3.81066,3.52588,3.66547,3.80022,3.52888,3.67729,0.0892436,0.0243774,-20.8842,5.59002,2.7371,-15.089
0.944273,-1.91391,1.99717,-0.00979817,0.00564248,-0.341928,0.123512,0.0927783,20.8621,5.14631,-11.5222,-4.30932,3.84293,3.57671,3.67592,3.8344,3.58289,3.68818,0.0986736,0.0168152,-20.8621,5.35912,4.05109,-13.5385
0.941892,-1.91592,1.99688,-0.00986206,0.00402756,-0.341959,0.10517,0.100125,20.8408,6.55396,-13.0018,-5.78954,3.83685,3.58993,3.65611,3.82744,3.59785,3.67015,0.104939,0.00894015,-20.8408,4.8892,5.10952,-11.9798
0.939867,-1.91755,1.99597,-0.00978321,0.00234044,-0.342,0.0865071,0.105044,20.9506,7.17614,-11.7707,-7.24216,3.85079,3.62712,3.66286,3.84254,3.63597,3.67584,0.108639,0.000349,-20.8296,4.17169,5.92558,-10.4256
0.938092,-1.91903,1.99477,-0.009574,0.000381432,-0.342066,0.0631121,0.108806,20.9623,6.85683,-9.70427,-8.63869,3.84394,3.65204,3.65151,3.83712,3.66082,3.6622,0.110142,-0.00893621,-20.827,3.2708,6.61527,-8.86295
0.937187,-1.91995,1.99379,-0.00934382,-0.00111938,-0.342144,0.0430877,0.108362,20.8308,5.90138,-7.34569,-9.99812,3.80979,3.64859,3.62024,3.80434,3.65664,3.62805,0.109168,-0.0179935,-20.8308,2.29462,7.25555,-7.30809
0.936835,-1.92067,1.99314,-0.00904927,-0.00251617,-0.342252,0.0201125,0.106933,20.8398,5.22016,-4.72475,-5.06637,3.79752,3.67341,3.61274,3.79501,3.67981,3.61877,0.106218,-0.0266557,-20.8398,1.36791,7.70585,-5.79556
0.937061,-1.92117,1.99279,-0.00868604,-0.00365618,-0.342377,0.00319405,0.103858,20.846,5.27145,-2.41992,-4.82831,3.7867,3.691,3.6092,3.78635,3.6974,3.61322,0.101345,-0.0348786,-20.846,0.545465,7.93108,-4.28033
0.938051,-1.92162,1.99221,-0.00805857,-0.0048596,-0.342561,-0.019633,0.100978,20.8478,6.40006,0.0248202,-4.40379,3.77203,3.71301,3.60159,3.77455,3.72051,3.60407,0.0946404,-0.0423595,-20.8478,-0.113051,7.87988,-3.01584
0.939538,-1.92191,1.99158,-0.00732532,-0.00577423,-0.342739,-0.0380862,0.0965787,20.8482,7.50882,-1.3184,-3.99048,3.75967,3.73053,3.59545,3.76164,3.73911,3.5998,0.0867688,-0.0488124,-20.8482,-0.655392,7.60661,-2.07422
0.941486,-1.92216,1.99087,-0.00649309,-0.00654895,-0.342925,-0.0533576,0.0906425,20.8483,8.07225,-0.728417,-3.53505,3.74678,3.74518,3.59311,3.74966,3.75426,3.59731,0.0773835,-0.0546809,-20.8483,-1.19887,7.09626,-1.28334
0.943903,-1.92242,1.99007,-0.00558869,-0.0071982,-0.343123,-0.0664491,0.0833432,20.8485,7.78467,0.435032,-3.11142,3.73379,3.75816,3.59349,3.73764,3.76686,3.59656,0.0665018,-0.0596029,-20.8485,-1.74107,6.50972,-0.661211
0.947408,-1.92283,1.98898,-0.00446912,-0.00770154,-0.343374,-0.0834226,0.073438,21.1355,8.81704,2.12417,-2.4194,3.76697,3.82514,3.64492,3.77302,3.83479,3.64714,0.0554687,-0.0635183,-20.8485,-2.32498,5.97494,-0.159863
0.950681,-1.9233,1.98799,-0.0035842,-0.00785446,-0.343588,-0.0930587,0.0636134,21.1618,6.85072,4.49841,-1.80173,3.75802,3.84028,3.6547,3.76531,3.84776,3.65387,0.0438463,-0.0665085,-20.8486,-2.90389,5.41726,0.247239
0.954265,-1.92392,1.98724,-0.00277123,-0.0077756,-0.343811,-0.0999145,0.054042,21.0497,4.14512,6.0845,-1.23913,3.72665,3.82853,3.64091,3.73406,3.83309,3.63735,0.0315925,-0.0684898,-20.8582,-3.43806,4.81866,0.540476
0.958942,-1.92487,1.98774,-0.0019318,-0.00738198,-0.344088,-0.108044,0.0433582,20.9199,1.50528,7.87098,-0.628423,3.69048,3.81487,3.62439,3.69824,3.81656,3.61795,0.0196828,-0.069198,-20.8794,-3.92673,4.08715,0.749976
0.963019,-1.92584,1.98934,-0.00129488,-0.00685217,-0.34432,-0.110022,0.0353297,20.8051,0.399566,8.98547,-0.0827908,3.66212,3.79707,3.61059,3.67042,3.79751,3.60267,0.00807925,-0.0688252,-20.9003,-4.19909,3.23149,0.873464
0.967181,-1.92695,1.99159,-0.000642466,-0.00618222,-0.344555,-0.107981,0.0284865,20.6064,0.44486,9.87041,0.665484,3.62161,3.75989,3.58243,3.63088,3.76023,3.57389,-0.00399703,-0.0676614,-20.912,-4.18886,2.28872,0.915722
0.972171,-1.92845,1.99446,0.000224899,-0.00524743,-0.344843,-0.104476,0.0210585,20.6231,1.191,10.7233,1.5356,3.61934,3.75912,3.59347,3.62993,3.76007,3.5847,-0.0146935,-0.0654258,-20.9128,-3.97668,1.26569,0.895224
0.976299,-1.92988,1.99639,0.001039,-0.00438018,-0.345087,-0.0970204,0.0151103,20.7223,1.98729,13.0623,1.98309,3.63424,3.76908,3.62052,3.64744,3.77077,3.61015,-0.0242544,-0.0624869,-20.8997,-3.67437,0.214047,0.811241
0.980202,-1.93145,1.99725,0.00189196,-0.00349551,-0.345321,-0.0872457,0.00881049,20.8777,2.54186,12.1451,2.24866,3.66149,3.78684,3.65758,3.6742,3.78907,3.64837,-0.0327211,-0.0590749,-20.8777,-3.38515,-0.836062,0.657345
0.983892,-1.9332,1.99715,0.00274906,-0.00264752,-0.34555,-0.0750766,0.000880744,20.8577,2.76494,9.73997,2.57223,3.65819,3.77136,3.66549,3.66891,3.77376,3.65863,-0.0404282,-0.0556469,-20.8577,-3.15552,-1.9155,0.443466
0.987806,-1.93551,1.99644,0.00364733,-0.0018358,-0.345807,-0.0614693,-0.0106622,20.8478,2.06873,6.30538,2.96503,3.655,3.75673,3.67869,3.66233,3.75833,3.67464,-0.0457864,-0.0516056,-20.8478,-3.03714,-2.9807,0.21134
0.99076,-1.93772,1.99581,0.00424863,-0.00128566,-0.346015,-0.0492565,-0.0211448,20.8452,0.624029,3.64522,3.08992,3.65322,3.74514,3.6922,3.65742,3.7452,3.68982,-0.0495596,-0.0472904,-20.8452,-2.98187,-3.86464,-0.0353269
0.9933,-1.94011,1.99514,0.00465511,-0.000817797,-0.346204,-0.0382677,-0.0315382,20.8448,-1.22689,2.02915,3.0152,3.65095,3.73532,3.70602,3.65271,3.73347,3.70412,-0.0522344,-0.04281,-20.8448,-2.92962,-4.44545,-0.305438
0.996077,-1.94343,1.99417,0.0049206,-0.00022141,-0.346421,-0.0271407,-0.0447004,20.8448,-2.82002,1.33855,2.86524,3.646,3.72529,3.72266,3.64628,3.72181,3.72053,-0.0529077,-0.037355,-20.8448,-2.82002,-4.68135,-0.575261
0.997997,-1.94636,1.99326,0.00495788,0.000310599,-0.346582,-0.0194598,-0.0528288,20.967,-5.14644,1.40807,2.95383,3.66511,3.74069,3.75556,3.66426,3.73477,3.75217,-0.0522689,-0.031423,-20.8448,-2.58979,-4.64293,-0.824928
0.999639,-1.94946,1.99226,0.00486335,0.000899106,-0.346735,-0.0135775,-0.058757,20.9803,-6.35238,1.7362,3.08505,3.6655,3.73797,3.76625,3.66434,3.73076,3.76196,-0.0507225,-0.0251829,-20.8451,-2.20997,-4.4228,-1.05527
1.00103,-1.95271,1.99126,0.00466999,0.00154297,-0.346878,-0.00660879,-0.0624521,20.8488,-6.66391,2.17796,2.98775,3.64235,3.708,3.74974,3.64141,3.7005,3.74487,-0.0483273,-0.0186974,-20.8488,-1.72151,-4.16958,-1.24011
1.00232,-1.95664,1.99058,0.00439895,0.00233548,-0.347031,0.00189811,-0.0641817,20.8578,-6.1964,2.37592,2.73251,3.64643,3.70103,3.75692,3.64587,3.69406,3.75207,-0.0450653,-0.0111574,-20.8578,-1.05625,-3.91314,-1.42346
1.00307,-1.95989,1.99037,0.00416842,0.00296344,-0.347144,0.00921854,-0.0623794,20.8639,-5.3556,2.02987,2.59167,3.65256,3.69454,3.7597,3.6521,3.68847,3.75557,-0.0414504,-0.00382511,-20.8639,-0.334946,-3.70024,-1.59082
1.00353,-1.96312,1.99011,0.00392006,0.00352711,-0.347247,0.0170942,-0.0599744,20.8656,-4.62485,1.09175,2.50208,3.65897,3.68677,3.76119,3.65802,3.68148,3.75827,-0.0375258,0.00257933,-20.8656,0.341794,-3.53212,-1.73054
1.00369,-1.96701,1.98972,0.00355554,0.00408561,-0.347362,0.0256617,-0.0566846,21.0202,-4.24437,-0.45117,-2.42213,3.6944,3.70517,3.78968,3.69132,3.70121,3.78742,-0.0330362,0.00925367,-20.8659,0.936648,-3.39715,-1.83945
1.00347,-1.97009,1.98936,0.00318611,0.00442468,-0.347443,0.0366337,-0.0527379,21.0256,-4.16763,-1.72156,-2.13851,3.70457,3.69543,3.79204,3.70044,3.6915,3.79102,-0.0283697,0.0149069,-20.866,1.39204,-3.23965,-1.92072
1.00297,-1.97306,1.98917,0.00273731,0.0046632,-0.347518,0.0443433,-0.0490897,21.0336,-4.38097,-2.99752,-2.0552,3.71345,3.68946,3.79362,3.70808,3.68529,3.79365,-0.0232222,0.0193553,-20.8712,1.73641,-2.99752,-1.81672
1.00221,-1.97587,1.98959,0.00220777,0.00481471,-0.347599,0.0507291,-0.0445258,21.0386,-4.70465,-2.65093,-2.15276,3.72123,3.68427,3.794,3.71598,3.67978,3.79354,-0.0176972,0.0237231,-20.8824,2.02232,-2.65093,-1.51725
1.00101,-1.97902,1.99093,0.00148081,0.00490413,-0.347705,0.0575687,-0.0391894,20.7023,-4.96426,-4.27344,2.89057,3.66974,3.61857,3.73204,3.66384,3.61285,3.73385,-0.0118524,0.027098,-20.8954,2.26343,-2.2086,-1.18154
0.999799,-1.98147,1.99278,0.00083002,0.00491313,-0.347801,0.0605866,-0.0332573,20.6285,-4.56117,-4.70009,3.12711,3.66319,3.60235,3.7151,3.65717,3.59701,3.71755,-0.00596937,0.0298074,-20.9086,2.49613,-1.73946,-0.854358
0.998422,-1.98376,1.99507,0.000170737,0.00484041,-0.347901,0.0624609,-0.0269178,20.6512,-3.82558,-4.90029,3.01972,3.6734,3.60417,3.71442,3.66756,3.59961,3.71742,0.000370412,0.0313692,-20.9091,2.72374,-1.23313,-0.724205
0.996695,-1.98613,1.99688,-0.000563806,0.00467548,-0.348007,0.0636376,-0.0185237,20.7725,-2.98315,-4.9645,-1.82639,3.70284,3.62363,3.72963,3.69646,3.62087,3.73221,0.00630283,0.0325887,-20.8943,2.94127,-0.690724,-0.821921
0.995202,-1.98784,1.99735,-0.00114649,0.00448039,-0.348085,0.0626206,-0.0110953,20.8739,-2.36703,-4.90293,0.994906,3.72615,3.64256,3.74046,3.72068,3.63991,3.74383,0.0118586,0.033033,-20.8739,3.09683,-0.159358,-0.994906
0.993589,-1.9894,1.99702,-0.00173701,0.00422147,-0.348162,0.0606275,-0.00337661,20.8572,-1.73739,-4.77786,1.01648,3.7285,3.64121,3.72989,3.72348,3.63921,3.73349,0.0174461,0.0324454,-20.8572,3.16309,0.351954,-1.01648
0.992062,-1.9906,1.99636,-0.00225899,0.00392835,-0.348236,0.0582317,0.00432014,20.8495,-1.06459,-4.66087,0.943482,3.73225,3.64183,3.72075,3.72767,3.64054,3.72458,0.0221771,0.0314532,-20.8495,3.16382,0.827045,-0.943482
0.990222,-1.99173,1.9955,-0.00284144,0.00349526,-0.348323,0.0553221,0.0143365,20.8477,-0.276944,-4.75253,0.920291,3.73879,3.64392,3.7103,3.73453,3.64346,3.71462,0.0263362,0.0297277,-20.8477,3.09533,1.2549,-0.920291
0.988798,-1.99235,1.99473,-0.00326843,0.00308548,-0.348389,0.0515478,0.0218599,20.8474,0.203528,-4.77626,0.915275,3.74313,3.64729,3.70193,3.7391,3.64733,3.70651,0.0298328,0.0273681,-20.8474,2.96532,1.6209,-0.915275
0.987473,-1.99271,1.99388,-0.00365085,0.00263798,-0.348452,0.0470203,0.0284773,20.8475,0.65491,-4.6422,0.915048,3.74636,3.6515,3.6941,3.74269,3.652,3.69881,0.0329303,0.0242888,-20.8475,2.76796,1.94164,-0.915048
0.986021,-1.99283,1.99272,-0.00403507,0.00206798,-0.348522,0.0415342,0.0350418,20.9789,1.39805,-4.23466,0.914137,3.77216,3.67976,3.70919,3.76924,3.68105,3.71391,0.0350961,0.0207023,-20.8475,2.53259,2.23742,-0.914137
0.984948,-1.99268,1.99164,-0.0042751,0.00157628,-0.348576,0.035998,0.0419607,20.9917,2.26355,-3.74281,0.913275,3.77713,3.68698,3.70292,3.7751,3.68917,3.70765,0.0366229,0.0165969,-20.8475,2.26355,2.50402,-0.913275
0.984028,-1.99233,1.99062,-0.00443748,0.00107835,-0.348627,0.0301534,0.0467796,20.8521,1.96267,-3.28126,0.912888,3.75345,3.66806,3.67152,3.75168,3.66994,3.67568,0.0375491,0.0121977,-20.8521,1.96267,2.71904,-0.912888
0.983138,-1.99165,1.98997,-0.00454561,0.000473873,-0.348684,0.0224722,0.0526435,21.0122,3.01776,-2.80755,0.913209,3.78256,3.7034,3.69117,3.78177,3.70637,3.69544,0.0379221,0.00765455,-20.8617,1.62002,2.8674,-0.913209
0.982592,-1.99088,1.9898,-0.00455453,-3.38717e-05,-0.348729,0.0156081,0.0557712,21.0212,3.67979,-2.21653,0.912645,3.78302,3.71134,3.68687,3.78311,3.715,3.69096,0.0375526,0.00282984,-20.8682,1.27106,2.96488,-0.912645
0.982251,-1.98998,1.98981,-0.0044643,-0.000522632,-0.348768,0.00912663,0.057469,21.028,4.22114,-1.64434,0.911901,3.7821,3.71858,3.68361,3.78299,3.72281,3.68746,0.036529,-0.00227196,-20.8752,0.905475,3.0085,-0.911901
0.982109,-1.98902,1.99039,-0.00430086,-0.000980363,-0.348803,0.000867888,0.058102,20.8863,4.48314,-1.2298,0.911963,3.75321,3.70136,3.65403,3.75461,3.70585,3.65764,0.034914,-0.00721608,-20.8863,0.508574,2.98527,-0.911963
0.982192,-1.98774,1.99193,-0.0040248,-0.00151545,-0.348843,-0.00506253,0.0585655,20.6878,4.60563,-0.75025,0.911599,3.71527,3.67188,3.61573,3.71717,3.6765,3.61898,0.0327747,-0.0120708,-20.8984,0.0916758,2.91471,-0.911599
0.98247,-1.98665,1.99371,-0.00375253,-0.00192033,-0.348872,-0.010908,0.0569656,20.6677,4.45795,-0.323627,0.911147,3.70735,3.67409,3.6109,3.70956,3.67856,3.61369,0.0301069,-0.0167498,-20.9058,-0.339001,2.79917,-0.911147
0.982924,-1.98557,1.99538,-0.00344578,-0.0022829,-0.348897,-0.0161874,0.054584,20.7209,4.29645,0.115204,0.911124,3.71204,3.68874,3.62001,3.71456,3.69305,3.62231,0.0268678,-0.0209361,-20.9002,-0.756153,2.63805,-0.911124
0.983709,-1.98429,1.99648,-0.00302454,-0.0026699,-0.348923,-0.0232312,0.0511888,20.8845,4.16157,0.65298,0.910547,3.73456,3.7247,3.64874,3.73749,3.72886,3.65049,0.0233777,-0.0249826,-20.8845,-1.15158,2.45093,-0.910547
0.984567,-1.98325,1.99655,-0.00263011,-0.00294906,-0.348943,-0.0285085,0.0471685,20.8675,3.97091,1.08208,0.910144,3.72544,3.72693,3.64679,3.72865,3.73089,3.64805,0.0196928,-0.0284491,-20.8675,-1.49671,2.2373,-0.910144
0.98558,-1.9823,1.99617,-0.00221144,-0.00317407,-0.348959,-0.033071,0.0430161,20.8582,3.74242,1.99207,0.910052,3.7177,3.72984,3.64688,3.72162,3.73356,3.64721,0.0155746,-0.0311508,-20.8582,-1.78637,1.99207,-0.910052
0.986968,-1.9813,1.99574,-0.00168651,-0.00336311,-0.348972,-0.0389158,0.0376805,20.8558,3.48239,1.72961,0.90959,3.71012,3.73525,3.64807,3.71366,3.73871,3.6485,0.0114913,-0.0334031,-20.8558,-2.03586,1.72961,-0.90959
0.988303,-1.98056,1.99533,-0.00121725,-0.00346311,-0.348979,-0.0426041,0.0323462,20.8554,3.22861,1.42692,0.90918,3.70394,3.7389,3.65063,3.70708,3.74209,3.65119,0.00722271,-0.0350313,-20.8554,-2.24093,1.42692,-0.90918
0.989769,-1.97994,1.99487,-0.000738461,-0.0035143,-0.348983,-0.0453157,0.0268508,20.8554,2.80415,2.78189,0.908885,3.69748,3.74176,3.65467,3.70163,3.74451,3.65379,0.00266988,-0.0359414,-20.8554,-2.39282,1.11599,-0.908885
0.991593,-1.97941,1.99423,-0.000192472,-0.00347616,-0.348983,-0.0484814,0.0200503,20.8554,2.06922,3.59745,0.90856,3.69002,3.74523,3.65942,3.69452,3.74721,3.65743,-0.00164727,-0.0363673,-20.8554,-2.51494,0.838404,-0.90856
0.993211,-1.97913,1.99361,0.000255645,-0.00334984,-0.34898,-0.0495455,0.0141392,20.8554,1.5901,4.01463,0.908255,3.68446,3.74653,3.66421,3.68908,3.74801,3.66159,-0.00591971,-0.0361772,-20.8554,-2.591,0.551667,-0.908255
0.994916,-1.97901,1.9929,0.000706234,-0.00316404,-0.348972,-0.0496857,0.0066063,20.8555,1.30791,4.07789,0.907967,3.67808,3.74682,3.67061,3.68262,3.74801,3.66779,-0.0100536,-0.0353835,-20.8555,-2.60801,0.210662,-0.907967
0.99654,-1.97905,1.99216,0.00112126,-0.0029579,-0.348963,-0.0484328,0.00285455,20.8556,1.06464,3.87089,0.90757,3.67571,3.74575,3.67439,3.67993,3.74668,3.67162,-0.0142525,-0.0340336,-20.8556,-2.55837,-0.163994,-0.90757
0.998504,-1.97931,1.99115,0.00159034,-0.00267999,-0.348948,-0.0471058,-0.00386781,20.8557,0.533477,3.54912,0.907334,3.67098,3.74474,3.68071,3.67463,3.74513,3.67796,-0.0178969,-0.0321331,-20.8557,-2.47407,-0.545857,-0.907334
1.00013,-1.97971,1.99022,0.00193798,-0.00241837,-0.348932,-0.0445567,-0.0093739,20.9763,0.0149116,3.28856,0.907137,3.68923,3.76393,3.70802,3.69237,3.76377,3.70523,-0.0210686,-0.0297826,-20.8557,-2.3661,-0.900598,-0.907137
1.00166,-1.98028,1.98922,0.00223401,-0.00213068,-0.348911,-0.0419876,-0.0145821,21.147,-0.492396,3.11883,0.906813,3.71657,3.79197,3.744,3.7193,3.79128,3.7411,-0.0238674,-0.027092,-20.8557,-2.22865,-1.20417,-0.906813
1.00308,-1.98098,1.98832,0.00247327,-0.00182414,-0.348888,-0.0386528,-0.0193026,21.0352,-0.948253,2.97527,0.906108,3.69456,3.76912,3.72983,3.69692,3.76796,3.72682,-0.0264298,-0.0241917,-20.8601,-2.05281,-1.44639,-0.906108
1.00468,-1.98203,1.98807,0.00269641,-0.00141337,-0.348857,-0.0348548,-0.0252697,21.0532,-1.85144,2.84703,0.906124,3.69485,3.76908,3.74008,3.69663,3.76698,3.73672,-0.028129,-0.0208511,-20.8743,-1.85144,-1.64615,-0.906124
1.00588,-1.98304,1.98895,0.00281698,-0.00104638,-0.348829,-0.0308706,-0.0290721,20.8999,-1.61706,2.73777,0.906049,3.66639,3.73789,3.71794,3.66819,3.73603,3.7148,-0.0294201,-0.0172865,-20.8921,-1.61706,-1.80656,-0.906049
1.00694,-1.98414,1.9905,0.00288553,-0.000667057,-0.348799,-0.0266362,-0.0319373,20.6589,-1.33789,2.60958,0.905377,3.62328,3.69087,3.67955,3.62511,3.68931,3.67667,-0.0304035,-0.0136666,-20.9077,-1.33789,-1.92872,-0.905377
1.00804,-1.9856,1.99315,0.00291342,-0.000194509,-0.348759,-0.0212525,-0.035099,20.6169,-2.74594,2.26954,0.905305,3.6163,3.6789,3.6776,3.61709,3.67587,3.67429,-0.0306977,-0.00976197,-20.9168,-1.05048,-2.0291,-0.905305
1.0088,-1.98689,1.99527,0.00286465,0.000189915,-0.348724,-0.0164495,-0.0360601,20.6844,-3.32177,1.71989,0.905436,3.6302,3.68649,3.69262,3.63019,3.68286,3.68951,-0.0305178,-0.00569539,-20.9106,-0.787898,-2.10996,-0.905436
1.00941,-1.98823,1.99655,0.00273863,0.000560171,-0.348688,-0.011522,-0.0364459,20.8914,-3.66031,1.26778,0.904767,3.66928,3.71858,3.73194,3.66869,3.7146,3.72907,-0.0300071,-0.00199591,-20.8914,-0.51658,-2.15337,-0.904767
1.00993,-1.98987,1.99683,0.00253553,0.000991326,-0.34864,-0.00554994,-0.0362905,20.8702,-3.56578,0.986535,0.9048,3.66866,3.70895,3.73082,3.66787,3.70507,3.72824,-0.0289173,0.00188485,-20.8702,-0.191925,-2.1626,-0.9048
1.0102,-1.99124,1.99647,0.00235363,0.00133481,-0.348596,-0.000651981,-0.0349041,20.8584,-3.19077,0.826898,0.904751,3.67011,3.7019,3.72978,3.66937,3.6984,3.72754,-0.0274624,0.00548813,-20.8584,0.156728,-2.12469,-0.904751
1.01029,-1.99259,1.99613,0.00216769,0.00165578,-0.348549,0.00502116,-0.0332392,20.8555,-2.80812,0.547506,0.903859,3.67378,3.69564,3.73038,3.67298,3.69255,3.7286,-0.0256084,0.00858043,-20.8555,0.499845,-2.04367,-0.903859
1.0102,-1.99413,1.99572,0.0019341,0.00198845,-0.348491,0.0103733,-0.0311204,20.8549,-2.518,0.0563792,0.903921,3.67822,3.69017,3.7308,3.67713,3.68738,3.72961,-0.0233938,0.0115431,-20.8549,0.803461,-1.9485,-0.903921
1.00995,-1.99537,1.9953,0.00171647,0.00222182,-0.34844,0.014908,-0.028649,20.8548,-2.34987,-0.424382,0.904102,3.68267,3.68565,3.73065,3.68123,3.68303,3.72998,-0.0208549,0.0141627,-20.8548,1.0525,-1.83705,-0.904102
1.00946,-1.99677,1.99472,0.00142481,0.00243927,-0.348374,0.0203573,-0.0261602,20.8549,-2.2689,-1.69809,0.903063,3.688,3.68032,3.73063,3.68546,3.67778,3.73115,-0.0179415,0.0161114,-20.8549,1.23842,-1.69809,-0.903063
1.00888,-1.99789,1.99414,0.00114539,0.00256833,-0.348313,0.0242541,-0.0233783,20.8549,-2.22125,-1.53396,0.903129,3.69216,3.6765,3.73025,3.68979,3.67401,3.73064,-0.0149128,0.0178408,-20.8549,1.38055,-1.53396,-0.903129
1.00818,-1.99892,1.99349,0.000837024,0.00265111,-0.348251,0.0274401,-0.0204004,20.855,-2.27499,-1.30893,0.903359,3.69615,3.67343,3.72941,3.69396,3.67089,3.72957,-0.0116824,0.0191787,-20.855,1.4911,-1.30893,-0.903359
1.00737,-1.99986,1.99276,0.000510899,0.00270208,-0.348187,0.0297097,-0.0176603,20.8551,-2.20906,-1.0442,0.902336,3.69946,3.67121,3.72833,3.69754,3.66873,3.72829,-0.00815596,0.019936,-20.8551,1.57271,-1.0442,-0.902336
1.00629,-2.00083,1.99181,0.000115318,0.00270302,-0.348105,0.0324754,-0.0115166,20.8551,-1.81224,-2.47978,0.902477,3.70654,3.66831,3.72374,3.70353,3.66625,3.72521,-0.00473961,0.0204916,-20.8551,1.64849,-0.796526,-0.902477
1.00532,-2.00152,1.99092,-0.000204236,0.00263042,-0.348034,0.0335971,-0.00920649,20.8552,-1.26201,-3.08291,-1.67988,3.70941,3.66669,3.72217,3.70565,3.66569,3.72398,-0.00140386,0.0206868,-20.8552,1.71453,-0.588706,-0.902563
1.00428,-2.0021,1.98996,-0.000508708,0.00248244,-0.347959,0.0337642,-0.00556777,21.1326,-0.771823,-3.40282,-1.86704,3.76181,3.71546,3.76814,3.75798,3.71501,3.77045,0.00207332,0.0203403,-20.8554,1.75163,-0.368446,-0.901147
1.00316,-2.00257,1.98886,-0.000809593,0.00228313,-0.347882,0.0333289,-0.00165323,21.1591,-0.492856,-3.37931,-2.15411,3.76954,3.72041,3.76929,3.76583,3.72031,3.77167,0.00526502,0.0197081,-20.8554,1.75345,-0.0846232,-0.808466
1.00192,-2.00293,1.98799,-0.00113008,0.00204006,-0.347802,0.0323461,0.00299792,21.0452,-0.393656,-3.14536,-2.55038,3.75269,3.70107,3.74479,3.74916,3.70114,3.74694,0.00814123,0.0187915,-20.8649,1.70795,0.229628,-0.611569
1.00087,-2.00311,1.98842,-0.00139625,0.00182166,-0.34774,0.0320452,0.00689895,20.929,-0.302432,-2.87358,-2.93891,3.73512,3.68068,3.72089,3.73182,3.68092,3.72276,0.0109058,0.0175713,-20.8849,1.62038,0.533253,-0.377419
0.999894,-2.00315,1.9899,-0.00163838,0.00160035,-0.347689,0.0277476,0.00977991,20.815,-0.139944,-2.65105,-3.32402,3.71514,3.66453,3.69624,3.71204,3.66502,3.69793,0.0131404,0.0160765,-20.9048,1.51871,0.816826,-0.120606
0.998786,-2.00304,1.99254,-0.00190001,0.00131114,-0.34764,0.0246947,0.0150936,20.613,0.224602,-2.51181,-3.72358,3.68218,3.63144,3.65443,3.67932,3.63238,3.65611,0.0150974,0.014244,-20.9167,1.40876,1.06114,0.157956
0.997957,-2.00282,1.99488,-0.00207723,0.00105323,-0.347613,0.0214432,0.0184903,20.626,1.29749,-2.30955,-4.07901,3.68543,3.63632,3.65213,3.68325,3.63845,3.65412,0.0166279,0.0122328,-20.9177,1.29749,1.25381,0.444019
0.997187,-2.00247,1.99689,-0.00221148,0.000776059,-0.347596,0.0180041,0.021699,20.7135,1.17319,-2.04509,-4.41879,3.70194,3.65524,3.66346,3.69986,3.6573,3.66508,0.0178296,0.0100636,-20.9047,1.17319,1.40204,0.741705
0.996504,-2.00202,1.99787,-0.0022993,0.000487599,-0.347593,0.0146648,0.0243304,20.8831,1.00729,-1.88363,-4.73272,3.73261,3.68862,3.68984,3.73053,3.69057,3.69116,0.0184566,0.00762276,-20.8831,1.00729,1.52034,1.04796
0.995843,-2.00138,1.99778,-0.00236648,0.000147412,-0.347609,0.01069,0.0271459,20.8624,0.80509,-1.69209,-5.01136,3.72937,3.68891,3.68202,3.72731,3.6907,3.68302,0.0186694,0.00497292,-20.8624,0.80509,1.60585,1.36631
0.995406,-2.00076,1.9972,-0.00237968,-0.000134575,-0.347638,0.00711732,0.0303191,20.852,1.87787,-1.40612,-5.25187,3.72808,3.68996,3.67563,3.72679,3.69291,3.67688,0.0185806,0.0024154,-20.852,0.617613,1.65391,1.68036
0.995028,-1.99995,1.99649,-0.00231712,-0.000460447,-0.347692,0.00269882,0.030277,20.8493,2.60239,-0.871701,-5.43742,3.72499,3.69339,3.6731,3.72453,3.69714,3.67421,0.0180201,-0.000385724,-20.8493,0.455943,1.684,2.00114
0.994831,-1.9992,1.99583,-0.00219005,-0.000723784,-0.347756,-0.000910441,0.0287769,20.8488,2.93021,-0.513879,-5.59028,3.72165,3.69664,3.67261,3.72166,3.70075,3.67354,0.0171504,-0.00319337,-20.8488,0.283936,1.68681,2.31463
0.994748,-1.99843,1.99508,-0.0020274,-0.000973763,-0.347839,-0.00547355,0.0298387,20.8489,2.8719,-0.345146,-5.68783,3.72029,3.70113,3.66961,3.7204,3.7052,3.67034,0.0159772,-0.0058047,-20.8489,0.0636908,1.64849,2.61849
0.994778,-1.99767,1.99424,-0.00185977,-0.00120946,-0.347939,-0.00405481,0.0288531,20.849,2.52371,-0.288352,0.0416379,3.71968,3.70048,3.67072,3.72074,3.7031,3.6723,0.0144994,-0.00832807,-20.849,-0.198009,1.57626,2.9123
0.994959,-1.99676,1.9931,-0.00166823,-0.0014717,-0.348081,-0.0118406,0.0276647,20.9775,2.08667,-0.151717,3.66175,3.7374,3.73144,3.69056,3.73904,3.73292,3.69248,0.012809,-0.010516,-20.849,-0.456579,1.48106,3.1827
0.995232,-1.99603,1.99204,-0.00151066,-0.00166588,-0.348213,-0.0155769,0.0257198,20.9906,1.80659,-0.018247,3.79263,3.73625,3.73755,3.69282,3.73789,3.73872,3.69449,0.0109541,-0.0124566,-20.8493,-0.692102,1.37095,3.2374
0.995621,-1.99534,1.99104,-0.00134206,-0.0018363,-0.34834,-0.019047,0.0236139,20.8536,1.70893,1.26242,3.56766,3.70796,3.71667,3.66924,3.71066,3.71778,3.66966,0.00902217,-0.0142385,-20.8536,-0.877103,1.26242,2.92806
0.996231,-1.99456,1.9904,-0.00110626,-0.00199164,-0.348478,-0.0231711,0.0212108,20.8633,1.69765,1.14973,3.23397,3.70572,3.72238,3.67095,3.70826,3.72354,3.67141,0.00679739,-0.0157488,-20.8633,-1.01227,1.14973,2.38954
0.99686,-1.99396,1.99024,-0.000876329,-0.00207989,-0.348579,-0.02594,0.0188093,20.8698,1.77746,0.994656,-1.81327,3.70402,3.72571,3.67317,3.7055,3.72791,3.67285,0.00439581,-0.0168776,-20.8698,-1.10589,0.994656,1.81327
0.997552,-1.99343,1.99006,-0.000632661,-0.00214411,-0.348664,-0.0278257,0.0164707,20.8715,1.79303,0.800296,-1.27515,3.70147,3.7279,3.67439,3.70288,3.73001,3.67436,0.00174722,-0.0176047,-20.8715,-1.17308,0.800296,1.27515
0.998313,-1.99298,1.98985,-0.000378662,-0.00217601,-0.348741,-0.029382,0.0138855,21.0241,1.59249,0.616508,-0.975667,3.7257,3.75661,3.70282,3.7269,3.75846,3.70291,-0.000840245,-0.0181071,-20.8718,-1.23474,0.616508,0.975667
0.999299,-1.99253,1.98957,-8.16256e-05,-0.00215277,-0.348839,-0.0326024,0.0104604,21.0283,1.11802,2.00189,-0.89849,3.72147,3.76074,3.70562,3.72369,3.76208,3.70422,-0.00348042,-0.0183268,-20.8719,-1.29536,0.454007,0.89849
1.00018,-1.99224,1.98955,0.000154408,-0.00206126,-0.348927,-0.0313694,0.00743359,21.0338,0.612665,2.62187,-0.883047,3.72034,3.76078,3.71016,3.72286,3.76159,3.70795,-0.00616793,-0.0182058,-20.877,-1.33794,0.330484,0.883047
1.00107,-1.99205,1.99015,0.000375443,-0.00190752,-0.349014,-0.0314667,0.00456673,20.8879,0.363004,2.94784,-0.881307,3.69192,3.73514,3.68687,3.6946,3.73568,3.68424,-0.0086496,-0.0178595,-20.8879,-1.35624,0.179236,0.881307
1.00215,-1.99192,1.99174,0.00064024,-0.00168831,-0.349124,-0.0308545,-0.00106127,20.6825,0.345729,2.86113,-0.881285,3.65108,3.69811,3.65545,3.65367,3.69864,3.65288,-0.0109971,-0.0172158,-20.9006,-1.3307,-0.0346697,0.881285
1.00301,-1.99191,1.99358,0.000855634,-0.00150858,-0.349218,-0.0291858,-0.000171799,20.6607,0.392738,2.54066,4.26486,3.64842,3.69308,3.651,3.65172,3.69268,3.64972,-0.013234,-0.0163418,-20.9077,-1.26511,-0.279328,0.879493
1.00384,-1.99199,1.99533,0.00106182,-0.00133631,-0.349315,-0.0272878,-0.00390102,20.7165,0.307177,2.13599,4.4071,3.65628,3.70119,3.6648,3.65921,3.70067,3.66387,-0.0150703,-0.0151355,-20.9022,-1.18653,-0.538247,0.879798
1.00477,-1.99218,1.99647,0.00128165,-0.00113498,-0.349429,-0.024838,-0.0072414,20.8861,0.107753,1.77358,-0.698468,3.68544,3.72851,3.69927,3.68697,3.72875,3.69759,-0.0166136,-0.013752,-20.8861,-1.10867,-0.768887,0.698468
1.00548,-1.99244,1.99656,0.00143708,-0.000966055,-0.349508,-0.0224478,-0.00996454,20.8688,-1.03551,1.51929,-0.323263,3.68162,3.72374,3.69981,3.68239,3.72272,3.69784,-0.0178255,-0.0123171,-20.8688,-1.03551,-0.94758,0.323263
1.00615,-1.99278,1.99619,0.00155995,-0.000787593,-0.349579,-0.0199195,-0.0126478,20.8589,-0.954626,1.32266,-0.0601321,3.67887,3.7195,3.70142,3.67956,3.71852,3.69971,-0.0188507,-0.0107187,-20.8589,-0.954626,-1.07583,0.0601321
1.00684,-1.9933,1.99577,0.00166257,-0.000562085,-0.349665,-0.0170817,-0.0159709,20.8565,-0.839593,1.29535,0.00392961,3.677,3.71626,3.70513,3.67773,3.71538,3.70353,-0.0193813,-0.00899059,-20.8565,-0.839593,-1.15567,-0.00392961
1.00736,-1.99384,1.99537,0.00173697,-0.000352053,-0.34974,-0.0144845,-0.018221,20.856,-0.680678,1.33666,0.0169142,3.67622,3.71356,3.70819,3.67708,3.71285,3.70663,-0.0196188,-0.00705821,-20.856,-0.680678,-1.20222,-0.0169142
1.00777,-1.99442,1.99494,0.00178541,-0.000143021,-0.349809,-0.0119606,-0.0199686,20.856,-0.526453,1.25143,0.0198315,3.67598,3.71102,3.71081,3.67684,3.71047,3.70941,-0.0196281,-0.00514634,-20.856,-0.526453,-1.22177,-0.0198315
1.00811,-1.99506,1.99443,0.00179603,6.65897e-05,-0.349879,-0.009425,-0.0211816,20.856,-0.390929,0.941321,0.0194247,3.67629,3.70848,3.7129,3.67694,3.70807,3.71185,-0.0192726,-0.00297546,-20.856,-0.390929,-1.2379,-0.0194247
1.0084,-1.99589,1.99372,0.00173146,0.00030405,-0.349963,-0.00602413,-0.0226361,20.8561,-2.06058,0.401006,0.0191621,3.67741,3.70604,3.71598,3.6767,3.70389,3.71455,-0.0187038,-0.000838098,-20.8561,-0.284428,-1.24794,-0.0191621
1.00854,-1.9966,1.99306,0.00160058,0.000480227,-0.35003,-0.00339567,-0.0229141,20.8563,-2.76666,-0.0283173,0.0201976,3.67887,3.70388,3.71752,3.6774,3.701,3.71611,-0.0179403,0.00116408,-20.8563,-0.206291,-1.23913,-0.0201976
1.0086,-1.99733,1.99233,0.00140968,0.000649258,-0.350097,-0.000271328,-0.0222532,20.8563,-2.94695,-1.20102,2.59555,3.68128,3.70117,3.71776,3.67915,3.69761,3.7178,-0.016926,0.00330188,-20.8563,-0.0828539,-1.20102,-0.0195154
1.00856,-1.9982,1.99134,0.00117142,0.000849202,-0.350177,-0.00141533,-0.0208445,20.8563,-2.59223,-1.12113,2.79609,3.68177,3.70213,3.71594,3.67993,3.6989,3.71613,-0.015712,0.00535984,-20.8563,0.125328,-1.12113,-0.0190398
1.00845,-1.99887,1.99047,0.000997172,0.00102184,-0.35024,0.0036262,-0.0189225,20.8565,-2.17256,0.445073,3.04324,3.68504,3.69705,3.71739,3.68489,3.69421,3.71643,-0.0143132,0.00709621,-20.8565,0.372346,-0.974414,-0.110843
1.00826,-1.99953,1.98949,0.000844132,0.00123067,-0.350295,0.00625849,-0.0173718,21.141,-1.80512,1.07628,3.37318,3.73768,3.74479,3.76797,3.73835,3.74227,3.7667,-0.0129322,0.00869373,-20.8565,0.611159,-0.789251,-0.302873
1.00797,-2.00013,1.98842,0.000708725,0.00145618,-0.35034,0.00927003,-0.0135059,21.1659,-1.32902,1.03361,3.72069,3.7467,3.74607,3.77043,3.74765,3.74398,3.76951,-0.0114738,0.0100324,-20.8566,0.810244,-0.656482,-0.53691
1.00753,-2.00074,1.98759,0.000570483,0.00164641,-0.350376,0.0130321,-0.00931795,21.0527,-0.766465,-0.621014,4.06754,3.73255,3.72206,3.74772,3.73236,3.72049,3.74865,-0.00983721,0.0111126,-20.8665,0.959286,-0.621014,-0.794574
1.00705,-2.0012,1.98808,0.00045531,0.0017192,-0.350393,0.0159243,-0.00866739,20.9277,-0.362373,-0.640386,4.37741,3.7122,3.69688,3.72626,3.71227,3.69567,3.72748,-0.00798722,0.0117329,-20.8875,1.04774,-0.640386,-1.06212
1.00649,-2.0016,1.98969,0.000330879,0.0017123,-0.350397,0.0185861,-0.00706453,20.8067,-0.211661,-0.619725,4.66588,3.69332,3.67277,3.70469,3.69354,3.67167,3.70602,-0.0060911,0.0120127,-20.9081,1.0786,-0.619725,-1.33875
1.00584,-2.00195,1.99202,0.00018961,0.00165754,-0.350389,0.0205431,-0.00580468,20.6077,-0.287454,-1.98027,4.92719,3.66065,3.63564,3.66867,3.65965,3.6344,3.67124,-0.00406032,0.0119589,-20.92,1.05507,-0.535803,-1.62204
1.005,-2.00232,1.99502,-1.12387e-05,0.0015242,-0.350359,0.0220208,-0.00433673,20.622,-0.383727,-2.72703,5.13802,3.6655,3.63681,3.67036,3.66381,3.63544,3.67359,-0.00182255,0.0116626,-20.92,0.993149,-0.437004,-1.90804
1.00425,-2.00257,1.99705,-0.000207347,0.00135515,-0.350316,0.0218841,-0.00305702,20.7231,-0.551384,-2.98494,5.3171,3.68458,3.65497,3.68705,3.68261,3.65339,3.69046,0.000330144,0.0112736,-20.9064,0.923187,-0.288966,-2.19464
1.00352,-2.00276,1.99795,-0.000416095,0.00117858,-0.350257,0.0206894,-0.00173256,20.8841,-0.769002,-2.77313,5.45241,3.71362,3.68482,3.71404,3.71175,3.68298,3.71718,0.00239519,0.0107833,-20.8841,0.86113,-0.0676925,-2.47538
1.00282,-2.0029,1.99791,-0.000628479,0.00101532,-0.350183,0.0187958,-0.000122864,20.864,-0.850135,-2.30447,5.53473,3.71029,3.68315,3.70842,3.70882,3.68122,3.71111,0.00430429,0.0102108,-20.864,0.815182,0.191932,-2.7439
1.00216,-2.00297,1.99739,-0.000828764,0.000872397,-0.35009,0.0164807,0.00360279,20.8535,-0.722395,-1.74677,0.212221,3.71067,3.68298,3.70301,3.70876,3.68219,3.70425,0.00601258,0.00954943,-20.8535,0.79093,0.457677,-3.00874
1.00143,-2.00297,1.99675,-0.00103089,0.000720362,-0.349955,0.013581,0.00286344,20.8509,-0.331216,-1.22725,-3.23915,3.70817,3.68482,3.70223,3.70627,3.68509,3.70255,0.00756935,0.00879911,-20.8509,0.783037,0.686232,-3.26292
1.00089,-2.00288,1.99617,-0.0011602,0.000596489,-0.349826,0.0129551,0.00746528,20.8505,0.783958,-0.934352,-3.3903,3.71126,3.68475,3.69781,3.71018,3.68621,3.69842,0.00864948,0.00792371,-20.8505,0.783958,0.849433,-3.31182
1.0004,-2.00271,1.99551,-0.00125255,0.00046574,-0.349703,0.00980152,0.0102339,20.8504,0.769952,-0.881609,-3.20938,3.71201,3.68784,3.69394,3.71101,3.68925,3.69453,0.00937473,0.00697514,-20.8504,0.769952,0.946229,-3.02708
0.999905,-2.00241,1.9946,-0.00134269,0.000284483,-0.34957,0.00611287,0.0133509,20.8506,0.696626,-1.13215,-2.98557,3.71298,3.69152,3.68942,3.71175,3.69281,3.69024,0.00990362,0.00591087,-20.8506,0.696626,0.987093,-2.51497
0.99955,-2.00208,1.99372,-0.001419,0.000104528,-0.349469,0.0031739,0.0154275,20.8507,0.578719,-1.29206,1.97023,3.71295,3.69493,3.68574,3.71246,3.69516,3.68758,0.0101031,0.00463542,-20.8507,0.578719,0.995697,-1.97023
0.999266,-2.0017,1.99275,-0.00147857,-8.12585e-05,-0.349382,0.000681456,0.0170339,20.978,0.454186,-1.18954,1.45176,3.73572,3.71996,3.70589,3.73515,3.72016,3.70747,0.00996965,0.00314144,-20.8507,0.454186,1.00077,-1.45176
0.999045,-2.00126,1.9917,-0.00150909,-0.000258438,-0.349301,-0.00152906,0.0182875,20.9899,0.341385,-0.846233,1.1574,3.73771,3.72426,3.70608,3.73734,3.72439,3.70724,0.00951665,0.00148112,-20.8507,0.341385,1.01821,-1.1574
0.998888,-2.00078,1.99069,-0.0014986,-0.000412332,-0.349216,-0.00131202,0.0208394,20.8551,0.250446,-0.345594,1.08543,3.71586,3.70017,3.68037,3.71588,3.70023,3.68102,0.00882881,-0.000208497,-20.8551,0.250446,1.03979,-1.08543
0.998782,-2.00015,1.99005,-0.00141074,-0.000563182,-0.349105,-0.00551845,0.0207827,20.8647,1.80562,1.04463,1.06946,3.71443,3.70516,3.68029,3.71651,3.70684,3.68049,0.00795354,-0.00181226,-20.8647,0.18192,1.04463,-1.06946
0.998767,-1.9996,1.98991,-0.00126354,-0.000666788,-0.349009,-0.0045119,0.0193396,21.0224,2.51275,1.01841,-3.99383,3.74198,3.7313,3.71025,3.74345,3.73468,3.70989,0.00697834,-0.00359486,-20.871,0.130619,1.01841,-1.06752
0.998811,-1.99906,1.98974,-0.0010636,-0.0007728,-0.348912,-0.00354896,0.017251,21.0265,2.74712,0.918392,-4.061,3.74141,3.73096,3.71312,3.7429,3.7346,3.71295,0.00592731,-0.00532094,-20.8727,0.0372932,0.918392,-1.06746
0.998907,-1.99853,1.98973,-0.000864916,-0.000908279,-0.348818,-0.00787526,0.0175504,21.0324,2.46977,0.755612,0.885937,3.74027,3.73684,3.71133,3.74241,3.73924,3.7121,0.00481328,-0.00693128,-20.8783,-0.141553,0.755612,-0.885937
0.999073,-1.99802,1.99036,-0.000694786,-0.00108537,-0.348735,-0.012091,0.0155769,20.8892,1.88278,-0.902348,0.50972,3.7121,3.71583,3.68499,3.71236,3.71769,3.68688,0.00381647,-0.00823727,-20.8892,-0.366457,0.586042,-0.50972
0.999361,-1.99749,1.99196,-0.00055841,-0.00132573,-0.348652,-0.0146037,0.013049,20.6825,1.23116,-1.47697,0.260873,3.67253,3.68193,3.64917,3.67189,3.68316,3.65119,0.00276465,-0.00923406,-20.9011,-0.585995,0.43269,-0.260873
0.999681,-1.9971,1.99388,-0.000480736,-0.00152096,-0.348582,-0.0163644,0.0105784,20.6587,0.600483,-1.17788,0.194165,3.6654,3.67975,3.64648,3.66469,3.68034,3.6479,0.00153746,-0.0101366,-20.9084,-0.767456,0.363376,-0.194165
1.00007,-1.99678,1.99568,-0.000421374,-0.00164516,-0.348513,-0.0179627,0.00841593,20.7164,-0.883409,0.397085,0.181069,3.6727,3.6923,3.65885,3.67263,3.69135,3.65807,0.00010484,-0.0107737,-20.9029,-0.883409,0.397085,-0.181069
1.00055,-1.99649,1.99675,-0.00035954,-0.00167203,-0.348441,-0.0195387,0.0066869,20.8872,-0.924944,0.470984,0.179201,3.70076,3.72416,3.68989,3.70073,3.72317,3.68902,-0.00139539,-0.011094,-20.8872,-0.924944,0.470984,-0.179201
1.00118,-1.99621,1.99689,-0.000243096,-0.00160071,-0.348359,-0.0232892,0.00536136,20.8694,0.337628,1.97942,0.178051,3.69363,3.72399,3.68637,3.69563,3.72431,3.68479,-0.00309242,-0.0111043,-20.8694,-0.862916,0.493408,-0.178051
1.00179,-1.99602,1.99653,-6.20355e-05,-0.00149181,-0.348288,-0.0248773,0.00438626,20.8596,1.07111,2.67012,0.178451,3.6898,3.72343,3.68481,3.6928,3.72451,3.68299,-0.0046825,-0.0109241,-20.8596,-0.724496,0.444581,-0.178451
1.00241,-1.99586,1.9962,0.000160916,-0.00135557,-0.34822,-0.0252424,0.00335488,20.8571,1.33622,2.76089,0.178864,3.68821,3.72321,3.68503,3.69143,3.72457,3.68327,-0.00633427,-0.0105733,-20.8571,-0.612264,0.317045,-0.178864
1.00304,-1.99575,1.99585,0.000383416,-0.00122028,-0.348153,-0.024507,-0.00162346,20.8567,1.23913,2.34923,0.179219,3.68449,3.72246,3.68935,3.68729,3.72372,3.68791,-0.00802712,-0.0101174,-20.8567,-0.58085,0.102913,-0.179219
1.00378,-1.99569,1.99534,0.000615342,-0.00108193,-0.348069,-0.0228078,-0.000965248,20.8568,0.802731,1.5699,0.177842,3.68635,3.72104,3.6894,3.68822,3.72185,3.68844,-0.00981032,-0.00958813,-20.8568,-0.606675,-0.147906,-0.177842
1.00436,-1.9957,1.99485,0.000750558,-0.000994619,-0.348,-0.0210571,-0.000262257,20.8568,-0.665288,0.87525,-2.4872,3.68875,3.71985,3.68998,3.68872,3.71963,3.68838,-0.0113046,-0.00886798,-20.8568,-0.665288,-0.394953,-0.178469
1.0049,-1.99576,1.9943,0.000825029,-0.000915157,-0.347932,-0.0193242,0.000486375,20.8568,-0.711589,0.545705,-2.65709,3.6904,3.71817,3.69007,3.69002,3.71793,3.68871,-0.0125727,-0.00799704,-20.8568,-0.711589,-0.581565,-0.179046
1.00539,-1.99588,1.99369,0.000868839,-0.000821804,-0.347868,-0.0175973,-0.00532548,20.857,-0.684261,0.735504,-2.90971,3.6863,3.71648,3.69596,3.68606,3.71632,3.69439,-0.0136773,-0.0072222,-20.857,-0.684261,-0.682537,-0.0870661
1.00597,-1.99612,1.99279,0.000955239,-0.00065151,-0.347797,-0.0156333,-0.00873651,20.857,-0.586416,1.35335,-3.28876,3.68412,3.71449,3.70009,3.68441,3.7145,3.69794,-0.0144084,-0.0065235,-20.857,-0.586416,-0.719289,0.113771
1.00637,-1.99638,1.99202,0.00104713,-0.000481237,-0.347751,-0.014025,-0.010788,20.857,-0.472192,1.63896,-3.63647,3.68305,3.71283,3.70274,3.68359,3.71303,3.70033,-0.0148659,-0.00574386,-20.857,-0.472192,-0.726648,0.348236
1.00672,-1.99669,1.99117,0.00113966,-0.000298812,-0.347717,-0.0123444,-0.0121893,20.857,-0.36146,1.57028,-3.98271,3.68272,3.7111,3.70471,3.68319,3.71148,3.70235,-0.0150823,-0.00465384,-20.857,-0.36146,-0.752047,0.607673
1.00703,-1.99705,1.99026,0.00121385,-0.00012462,-0.347694,-0.0103597,-0.0133983,20.9774,-0.269179,1.21426,-4.3032,3.70418,3.73044,3.72789,3.70432,3.73097,3.72584,-0.0151643,-0.0035027,-20.8572,-0.269179,-0.803259,0.870417
1.00731,-1.99753,1.98907,0.0012603,5.45395e-05,-0.347682,-0.00774904,-0.0146646,21.1518,-0.194031,0.641775,-4.61848,3.73559,3.75876,3.76092,3.73519,3.75943,3.75936,-0.0149783,-0.00208224,-20.8572,-0.194031,-0.877058,1.15679
1.00746,-1.99796,1.98817,0.00125347,0.000176393,-0.347687,-0.00553757,-0.0153583,21.0385,-0.138996,-0.935587,-4.89077,3.71672,3.73646,3.7418,3.71487,3.73725,3.74164,-0.0146431,-0.000682891,-20.8611,-0.138996,-0.935587,1.44107
1.00756,-1.99841,1.98793,0.00119425,0.00027671,-0.347706,-0.000981257,-0.0158483,21.0562,-1.44603,-0.955126,-5.13416,3.72204,3.73582,3.74793,3.71945,3.73529,3.74706,-0.0141302,0.000665473,-20.8751,-0.10066,-0.955126,1.73238
1.00758,-1.99898,1.98897,0.00104287,0.000398263,-0.34775,-0.00176283,-0.0160453,20.8895,-2.36157,-0.88794,-5.32336,3.69215,3.70748,3.71844,3.68911,3.70603,3.717,-0.0134058,0.00212267,-20.893,-0.0731276,-0.88794,2.03169
1.00755,-1.99946,1.99071,0.000860912,0.000539201,-0.347807,-0.00263685,-0.0165029,20.6429,-2.63536,-0.747348,-5.47512,3.64761,3.66471,3.6748,3.64453,3.663,3.67306,-0.0124617,0.00350958,-20.9088,-0.00677264,-0.747348,2.32606
1.00747,-1.99992,1.993,0.000685512,0.000706508,-0.34788,0.000917579,-0.0141881,20.6148,-2.35541,0.756021,-5.58451,3.64558,3.65611,3.67021,3.64397,3.65471,3.66724,-0.0113611,0.00476009,-20.9174,0.141195,-0.584348,2.61895
1.00733,-2.00034,1.99519,0.000543261,0.000898935,-0.347971,0.00276733,-0.0110141,20.6781,-1.80916,1.30541,-0.332633,3.65949,3.66574,3.67927,3.65967,3.66392,3.67708,-0.0103749,0.00598375,-20.9106,0.344371,-0.440003,2.89465
1.00709,-2.00078,1.99664,0.000427723,0.00113379,-0.348103,0.00569048,-0.00714643,20.8911,-0.941131,1.28222,3.30071,3.70141,3.70057,3.71463,3.7027,3.69896,3.71361,-0.00936699,0.00706266,-20.8911,0.555737,-0.365536,3.1606
1.00681,-2.00109,1.99679,0.000372697,0.00127681,-0.348226,0.00820331,-0.00652465,20.8697,0.728185,-0.383162,3.44916,3.69965,3.69346,3.71032,3.70034,3.69356,3.7117,-0.00819241,0.00777932,-20.8697,0.728185,-0.383162,3.22365
1.00644,-2.00135,1.99637,0.000341281,0.0013469,-0.348349,0.0110061,-0.00500864,20.8575,0.83158,-0.45433,3.23885,3.70017,3.6885,3.70822,3.70081,3.68876,3.70967,-0.00695782,0.00818674,-20.8575,0.83158,-0.45433,2.93838
1.00591,-2.00163,1.99587,0.000294473,0.0013343,-0.348481,0.0143285,-0.0038372,20.8545,0.816368,-0.47804,2.91413,3.70228,3.6847,3.70833,3.70283,3.68499,3.70974,-0.00558088,0.00827209,-20.8545,0.816368,-0.47804,2.43582
1.00538,-2.00183,1.99543,0.000189161,0.00127813,-0.348578,0.016265,-0.0031873,20.8539,-0.490903,-1.79413,-1.88911,3.70506,3.68293,3.70882,3.70283,3.68278,3.70983,-0.00406314,0.00815548,-20.8539,0.705579,-0.432195,1.88911
1.00478,-2.002,1.9949,9.46571e-06,0.00117358,-0.348665,0.0173409,-0.00263327,20.8538,-1.13998,-2.50789,-1.38815,3.70649,3.68226,3.70867,3.70337,3.68134,3.71008,-0.00245524,0.00789958,-20.8538,0.567538,-0.362742,1.38815
1.0042,-2.00214,1.99433,-0.000200284,0.00104181,-0.348741,0.0170539,-0.00191016,20.854,-1.28657,-2.5631,-1.09769,3.70702,3.68267,3.70793,3.70383,3.68154,3.70936,-0.000651217,0.00753115,-20.854,0.469239,-0.243785,1.09769
1.00352,-2.00226,1.99354,-0.00042912,0.000888126,-0.348838,0.0159574,0.00262549,20.854,-0.9588,-2.06801,-1.02295,3.71,3.68358,3.7037,3.70744,3.68278,3.70488,0.00105701,0.00714067,-20.854,0.461309,-0.0420429,1.02295
1.00298,-2.0023,1.99279,-0.000579565,0.00077744,-0.348922,0.0141781,0.00212033,20.854,0.508259,-1.45075,-1.00913,3.70805,3.68456,3.70316,3.70681,3.68528,3.70454,0.00263593,0.00672944,-20.854,0.508259,0.190411,1.00913
1.00246,-2.0023,1.99196,-0.00068836,0.000681827,-0.34901,0.0122342,0.00154658,20.8542,0.564221,-0.953385,-1.00542,3.70642,3.68646,3.70295,3.70566,3.68724,3.70391,0.00413238,0.00615378,-20.8542,0.564221,0.406804,1.00542
1.00189,-2.00224,1.99087,-0.000781569,0.000572286,-0.349119,0.0103559,0.000939336,20.9775,0.560505,-0.807278,-1.00579,3.72678,3.71015,3.72447,3.72615,3.71092,3.7253,0.00527856,0.00542733,-20.8542,0.560505,0.572473,1.00579
1.00145,-2.00214,1.98985,-0.000874959,0.000468642,-0.349214,0.0086236,0.00619933,21.1399,0.488497,-0.970445,4.05529,3.7588,3.74116,3.74746,3.75894,3.7409,3.74936,0.00615955,0.00474073,-20.8543,0.488497,0.669292,1.00586
1.00102,-2.00195,1.98887,-0.000994435,0.000333835,-0.349318,0.00674377,0.00902483,21.0254,0.396414,-1.26369,4.18789,3.74011,3.72275,3.72374,3.73997,3.72237,3.72588,0.00676932,0.00416975,-20.8584,0.396414,0.714998,1.00548
1.00069,-2.00172,1.98861,-0.00111582,0.00019203,-0.349411,0.00637047,0.0113167,21.0433,0.303569,-1.3801,-0.8315,3.74557,3.72585,3.72523,3.74433,3.72632,3.72647,0.00716752,0.00354497,-20.8724,0.303569,0.739868,0.8315
1.00039,-2.00142,1.98933,-0.00123626,4.14933e-05,-0.349491,0.00397415,0.0133142,20.9117,0.224579,-1.2829,-0.460739,3.7227,3.70492,3.69906,3.72157,3.70525,3.70025,0.00726954,0.00262747,-20.8895,0.224579,0.774781,0.460739
1.00011,-2.001,1.99116,-0.00135226,-0.00012645,-0.349576,0.000819364,0.0175786,20.6602,0.160965,-0.867742,-0.20804,3.67997,3.66346,3.64951,3.67923,3.66367,3.65034,0.00721263,0.00148616,-20.9047,0.160965,0.824366,0.20804
0.999956,-2.00059,1.9933,-0.00140538,-0.000245038,-0.349647,-0.00176596,0.0182484,20.6285,0.114359,-0.42266,-0.144312,3.67345,3.66038,3.64227,3.6731,3.66053,3.64268,0.00700186,0.000202164,-20.914,0.114359,0.875821,0.144312
0.999862,-2.00014,1.9954,-0.00140584,-0.000345297,-0.349721,-0.00658873,0.0182846,20.6923,0.0816261,0.906602,-0.132209,3.68185,3.67641,3.6518,3.68268,3.67652,3.651,0.00658873,-0.00123148,-20.9086,0.0816261,0.906602,0.132209
0.999824,-1.99967,1.99662,-0.00134247,-0.000427321,-0.349793,-0.00594214,0.0178006,20.89,1.44155,0.899436,-0.12923,3.71647,3.71014,3.68723,3.71801,3.71166,3.68715,0.00594214,-0.00274763,-20.89,0.0611397,0.899436,0.12923
0.999835,-1.99908,1.99687,-0.0011732,-0.000526258,-0.349881,-0.00501894,0.0171542,20.8697,2.46333,0.820358,-0.129528,3.71255,3.70511,3.68433,3.71455,3.70771,3.68485,0.00501894,-0.00431372,-20.8697,0.0477733,0.820358,0.129528
0.99988,-1.99857,1.9965,-0.000969537,-0.000635202,-0.349953,-0.00395269,0.0186716,20.8584,2.76077,0.681318,-0.129873,3.71233,3.70192,3.68143,3.71436,3.70482,3.68223,0.00395269,-0.00575176,-20.8584,-0.0103902,0.681318,0.129873
0.999963,-1.99807,1.99616,-0.000767274,-0.000770197,-0.350025,-0.00739231,0.0177482,20.8557,2.50998,0.532528,-0.128867,3.70952,3.70491,3.68004,3.71128,3.70755,3.68084,0.00295018,-0.00692118,-20.8557,-0.151662,0.532528,0.128867
1.00013,-1.9975,1.99573,-0.000569617,-0.000968754,-0.350113,-0.00916781,0.0154241,20.8551,1.84775,-1.00808,2.48599,3.70721,3.70713,3.68027,3.70774,3.70859,3.68261,0.00209068,-0.00814164,-20.8551,-0.365386,0.396659,0.129457
1.00032,-1.9971,1.99531,-0.000455316,-0.00114987,-0.350183,-0.0105636,0.0127245,20.855,1.20985,-1.37635,2.66232,3.70456,3.70883,3.68183,3.70445,3.70958,3.68421,0.00125919,-0.00923656,-20.855,-0.58434,0.285512,0.129782
1.00057,-1.99675,1.99481,-0.000374911,-0.00132143,-0.350251,-0.0120984,0.0100264,20.8552,0.591425,-1.07705,2.92237,3.70155,3.71069,3.68366,3.70144,3.71075,3.68549,0.000271723,-0.0100826,-20.8552,-0.763691,0.245565,0.0382646
1.00094,-1.99641,1.99413,-0.00029976,-0.00144557,-0.350318,-0.0144369,0.00716232,20.8552,-0.878025,0.298166,3.28734,3.69773,3.71377,3.68591,3.69816,3.71224,3.6858,-0.000747443,-0.0107228,-20.8552,-0.878025,0.298166,-0.159213
1.00133,-1.99619,1.99347,-0.000234008,-0.00146936,-0.350364,-0.0189047,0.00513223,20.8552,-0.919017,0.380592,3.64353,3.69378,3.71819,3.68546,3.69433,3.71654,3.68533,-0.00182138,-0.0110375,-20.8552,-0.919017,0.380592,-0.40007
1.0018,-1.99601,1.99271,-0.000136186,-0.00142942,-0.3504,-0.0211951,0.00368948,20.8553,0.325763,1.55933,3.99047,3.69058,3.71983,3.68576,3.69292,3.71941,3.68528,-0.00304793,-0.0109879,-20.8553,-0.858076,0.410385,-0.656485
1.0024,-1.99585,1.99174,6.41573e-05,-0.00133348,-0.350427,-0.0229706,0.00240533,20.8554,1.12285,2.35291,4.33094,3.68804,3.72118,3.68611,3.69157,3.72153,3.68539,-0.00436245,-0.0107015,-20.8554,-0.720119,0.375345,-0.930867
1.00294,-1.99575,1.99085,0.00028305,-0.00121829,-0.350435,-0.0230729,-0.00173097,20.8554,1.34692,2.4868,4.6316,3.68436,3.7212,3.68952,3.68818,3.72172,3.68886,-0.00582268,-0.0102263,-20.8554,-0.609213,0.276181,-1.20985
1.00348,-1.9957,1.98988,0.000491672,-0.00110147,-0.350431,-0.0220536,-0.00102288,21.1359,1.05842,2.05699,4.91109,3.73546,3.77014,3.73904,3.73879,3.77031,3.73867,-0.00748103,-0.00961668,-20.8556,-0.576148,0.0976987,-1.49917
1.0041,-1.99571,1.98861,0.000676754,-0.00098421,-0.350408,-0.0206402,-0.000253104,21.166,-0.612266,1.26836,5.14253,3.74289,3.77499,3.74446,3.74469,3.77337,3.74398,-0.00896924,-0.00883975,-20.8556,-0.612266,-0.127284,-1.79021
1.00459,-1.99576,1.9879,0.000763923,-0.000905005,-0.35037,-0.0189957,0.000514856,21.0465,-0.664878,-0.341141,5.33722,3.72387,3.75224,3.72269,3.72423,3.75053,3.72367,-0.0103153,-0.00795949,-20.8649,-0.664878,-0.341141,-2.07983
1.00505,-1.99587,1.98829,0.000820419,-0.000830299,-0.350316,-0.0172609,-0.00492217,20.9349,-0.651156,0.635278,5.49482,3.69987,3.73076,3.70875,3.70114,3.72904,3.70888,-0.0115522,-0.00714899,-20.8857,-0.651156,-0.500274,-2.37251
1.00548,-1.99605,1.98983,0.00090013,-0.000730684,-0.350244,-0.0156187,-0.00741435,20.8139,-0.56347,1.19878,5.60268,3.67682,3.70766,3.69042,3.67867,3.70601,3.69011,-0.0124467,-0.00644599,-20.906,-0.56347,-0.548549,-2.66037
1.00593,-1.99635,1.99249,0.00101747,-0.000545911,-0.350138,-0.0138439,-0.010182,20.6078,-0.454693,1.78763,0.371658,3.639,3.66883,3.6578,3.64045,3.66828,3.65602,-0.0130811,-0.00566556,-20.9179,-0.454693,-0.541451,-2.93636
1.00627,-1.99666,1.99496,0.00111803,-0.000359698,-0.350028,-0.0120383,-0.0119511,20.6209,-0.346423,1.84903,-2.98068,3.64096,3.66901,3.66281,3.64189,3.66921,3.66039,-0.0135437,-0.00470988,-20.9187,-0.346423,-0.560096,-3.2003
1.00655,-1.997,1.99697,0.00120382,-0.000181212,-0.349907,-0.010141,-0.0132103,20.7087,-0.255392,1.49826,-3.22973,3.65656,3.68267,3.68021,3.65717,3.68301,3.67812,-0.0137079,-0.0034986,-20.9057,-0.255392,-0.630251,-3.26665
1.00678,-1.9974,1.99799,0.00126434,-2.99807e-05,-0.349784,-0.00807872,-0.0142424,20.8836,-0.184019,0.8035,-3.0687,3.688,3.71166,3.71277,3.68805,3.71205,3.71136,-0.0136673,-0.00215561,-20.8836,-0.184019,-0.732855,-2.9939
1.00696,-1.99791,1.99791,0.00127961,9.22138e-05,-0.349657,-0.00561632,-0.0154804,20.8628,-0.13069,-0.830796,-2.82304,3.68516,3.70556,3.71054,3.68381,3.70596,3.71069,-0.0134388,-0.000742279,-20.8628,-0.13069,-0.830796,-2.51431
1.00705,-1.99836,1.99732,0.00123621,0.000163382,-0.349564,-0.00105969,-0.0161697,20.852,-0.0935567,-0.885084,1.98016,3.68444,3.69963,3.71093,3.68397,3.69916,3.71206,-0.0130492,0.000602736,-20.852,-0.0935567,-0.885084,-1.98016
1.00709,-1.99885,1.99671,0.00113278,0.000235659,-0.349477,-0.0017013,-0.0165942,20.8493,-1.86335,-0.846036,1.49605,3.68378,3.70066,3.71103,3.68233,3.69844,3.71111,-0.0124851,0.00196121,-20.8493,-0.0691202,-0.846036,-1.49605
1.00708,-1.99945,1.99593,0.000924917,0.00036289,-0.349383,-0.0025027,-0.0177233,20.8487,-2.90955,-0.724349,1.21152,3.68258,3.70186,3.71185,3.68064,3.6986,3.71121,-0.0116579,0.0033695,-20.8487,-0.0518207,-0.724349,-1.21152
1.00703,-1.99994,1.99518,0.000693421,0.000496947,-0.3493,-0.00339585,-0.0156479,20.8488,-3.08212,-0.574199,1.13593,3.6839,3.70283,3.70979,3.68199,3.6994,3.70892,-0.0106675,0.00465455,-20.8488,0.0208413,-0.574199,-1.13593
1.00694,-2.00041,1.99431,0.000475488,0.00065542,-0.349211,0.000420463,-0.0123378,20.8489,-2.54275,-0.433888,1.12213,3.68836,3.69884,3.7088,3.68686,3.69598,3.70808,-0.00974714,0.00597297,-20.8489,0.203279,-0.433888,-1.12213
1.00681,-2.00081,1.99334,0.000314568,0.00083697,-0.349117,0.00218633,-0.00837572,20.9767,-1.66424,1.26589,1.12042,3.71425,3.71934,3.72953,3.71474,3.71739,3.72773,-0.00896948,0.00717674,-20.8489,0.449164,-0.315719,-1.12042
1.00657,-2.0012,1.99208,0.000214388,0.00106933,-0.349003,0.00486942,-0.00664097,20.992,-0.618131,1.75584,-4.10505,3.71972,3.71839,3.73252,3.72021,3.71852,3.72983,-0.00812004,0.00804712,-20.8491,0.692548,-0.216573,-1.11871
1.00631,-2.00146,1.99109,0.000188498,0.00124014,-0.348904,0.0074729,-0.00434184,20.8534,0.868821,1.28107,-4.25102,3.6982,3.69049,3.70669,3.69901,3.6922,3.70518,-0.0071938,0.00855787,-20.8534,0.868821,-0.203279,-1.11891
1.00596,-2.00167,1.99052,0.000188089,0.00133341,-0.348805,0.0103581,-0.00255936,20.8631,0.948846,-0.289749,0.931724,3.70303,3.68985,3.70709,3.70344,3.69066,3.70802,-0.00612727,0.0087195,-20.8631,0.948846,-0.289749,-0.931724
1.00544,-2.00187,1.9903,0.0001655,0.0013139,-0.348703,0.0139329,-0.00114347,20.8697,0.903872,-0.40177,0.545026,3.70722,3.68751,3.70879,3.70743,3.68834,3.70973,-0.00491947,0.00859131,-20.8697,0.903872,-0.40177,-0.545026
1.00494,-2.002,1.99011,8.45779e-05,0.00121253,-0.348629,0.0157884,-0.000712257,20.8714,0.769035,-2.23033,0.28409,3.70969,3.68605,3.70888,3.70813,3.6868,3.71134,-0.00348127,0.00821763,-20.8714,0.769035,-0.449823,-0.28409
1.00438,-2.00211,1.98987,-5.53239e-05,0.00106076,-0.348553,0.0166433,-0.000586708,21.0237,0.609421,-2.95942,0.21555,3.73759,3.71231,3.73591,3.73528,3.7129,3.73894,-0.00197234,0.00770204,-20.8718,0.609421,-0.419411,-0.21555
1.00378,-2.0022,1.98961,-0.000259589,0.000866236,-0.348473,0.0162581,0.00270175,21.0277,-1.188,-3.07049,0.202474,3.74141,3.71433,3.73408,3.73806,3.71305,3.73627,-0.000360477,0.00710201,-20.8718,0.457655,-0.293034,-0.202474
1.00325,-2.00226,1.98955,-0.000489052,0.000707369,-0.348399,0.0145989,0.00198599,21.0336,-1.84012,-2.6233,0.199294,3.74101,3.71733,3.7353,3.73773,3.71537,3.73674,0.00131601,0.0064983,-20.8769,0.326348,-0.0678572,-0.199294
1.00264,-2.00228,1.99028,-0.000773111,0.00056864,-0.348308,0.0121695,0.00127568,20.7615,-1.59855,-1.57577,0.199108,3.69043,3.67131,3.68686,3.68822,3.66961,3.68748,0.00281399,0.00582614,-20.8875,0.2838,0.212162,-0.199108
1.00218,-2.00224,1.99163,-0.000937376,0.000497068,-0.348231,0.00964783,0.000615373,20.6887,0.355832,0.485893,0.199836,3.67429,3.65983,3.67369,3.67495,3.66017,3.67348,0.0040926,0.00509049,-20.9003,0.355832,0.485893,-0.199836
1.00178,-2.00214,1.99335,-0.00101403,0.000451983,-0.348156,0.00729745,0.00595579,20.7054,0.470165,0.680895,0.200158,3.6805,3.66503,3.67107,3.6814,3.66548,3.67073,0.00507905,0.00445425,-20.9035,0.470165,0.680895,-0.200158
1.00142,-2.00196,1.99463,-0.00103482,0.000393751,-0.348079,0.0052725,0.00909655,20.8937,0.518054,0.735425,0.199077,3.71553,3.70038,3.70084,3.7165,3.70088,3.70048,0.00581672,0.00397088,-20.8937,0.518054,0.735425,-0.199077
1.00111,-2.00171,1.99515,-0.00105542,0.000274956,-0.348005,0.00390164,0.0116521,20.8784,0.477314,-1.05497,-2.45534,3.71537,3.69877,3.69475,3.7142,3.69973,3.69548,0.00617664,0.00333588,-20.8784,0.477314,0.668784,-0.199674
1.00078,-2.00134,1.99511,-0.00107135,4.67205e-05,-0.347914,0.00406221,0.0139228,20.8688,0.401437,-1.94047,-2.68063,3.71611,3.69693,3.69086,3.71406,3.69786,3.69231,0.00627792,0.00243565,-20.8688,0.401437,0.553416,-0.199992
1.00056,-2.00098,1.99511,-0.00106383,-0.000193904,-0.347842,0.00208817,0.0168705,20.8663,1.48509,-2.05875,-2.95806,3.71699,3.69782,3.68666,3.71535,3.69993,3.68873,0.00619859,0.00135201,-20.8663,0.317861,0.487185,-0.103754
1.0004,-2.00062,1.99512,-0.00102874,-0.000413352,-0.347781,-0.000251613,0.0161722,20.8658,1.64305,-1.49673,-3.31244,3.71492,3.6999,3.68627,3.71379,3.70224,3.68785,0.00597197,5.36432e-05,-20.8658,0.242961,0.53354,0.0974388
1.0003,-2.00022,1.99512,-0.000960646,-0.000600245,-0.347725,-0.00568295,0.0146354,20.8658,1.49964,-0.731373,-3.67703,3.71069,3.70523,3.68533,3.71012,3.70749,3.68607,0.00568295,-0.0012704,-20.8658,0.148656,0.635964,0.323445
1.00027,-1.99978,1.99507,-0.000879364,-0.000740854,-0.347676,-0.00520406,0.0122903,20.8658,0.00142678,0.752049,-4.06989,3.70871,3.70551,3.68864,3.70862,3.70629,3.6872,0.00520406,-0.00281702,-20.8658,0.00142678,0.752049,0.592856
1.00032,-1.99943,1.995,-0.0008195,-0.000808835,-0.347648,-0.00444353,0.0104572,20.8659,-0.150169,0.815781,-4.4221,3.70759,3.70483,3.69068,3.70741,3.70551,3.68902,0.00444353,-0.00412203,-20.8659,-0.150169,0.815781,0.874354
1.00042,-1.9991,1.9949,-0.000752994,-0.000855422,-0.347633,-0.00904821,0.00899325,20.866,0.948738,0.782906,-4.75082,3.70388,3.70873,3.68941,3.70418,3.71062,3.6883,0.00351269,-0.00522655,-20.866,-0.237445,0.782906,1.16657
1.00062,-1.9987,1.99474,-0.000609224,-0.000938936,-0.347635,-0.0113905,0.0102185,20.8659,1.72092,0.670264,-5.04823,3.70365,3.71057,3.68701,3.70419,3.71332,3.68634,0.00261154,-0.00601698,-20.8659,-0.245792,0.670264,1.46793
1.00086,-1.99839,1.99457,-0.000451791,-0.00103052,-0.347652,-0.0126696,0.00968706,20.866,1.8709,0.533637,-5.31004,3.70263,3.71172,3.68676,3.70308,3.71468,3.68624,0.00159372,-0.00649494,-20.866,-0.257939,0.533637,1.77451
1.00114,-1.9981,1.99438,-0.00030415,-0.00112788,-0.347687,-0.0157607,0.00860827,20.866,1.49476,0.405514,-5.53384,3.70039,3.71491,3.68622,3.70048,3.71752,3.68559,0.000462362,-0.00692444,-20.866,-0.336295,0.405514,2.08377
1.00155,-1.99779,1.99409,-0.000173475,-0.00124008,-0.347752,-0.0175791,0.00668753,20.866,0.764858,0.296279,-5.67876,3.69814,3.71706,3.68712,3.69773,3.71893,3.68618,-0.000768203,-0.00729879,-20.866,-0.460357,0.296279,2.39187
1.00192,-1.99759,1.99383,-0.000111064,-0.00131156,-0.347824,-0.0185995,0.00497207,20.8661,-0.58305,0.210834,-5.80025,3.69661,3.71875,3.68841,3.6954,3.71924,3.68681,-0.00207694,-0.00758171,-20.8661,-0.58305,0.210834,2.69246
1.00235,-1.99742,1.99352,-7.21794e-05,-0.00135301,-0.347916,-0.0195044,0.00345472,20.8661,-0.661714,0.145514,-0.624157,3.69445,3.72017,3.68875,3.69412,3.7196,3.68816,-0.00357576,-0.00769309,-20.8661,-0.661714,0.145514,2.98827
1.0028,-1.9973,1.99319,-2.81902e-05,-0.00135324,-0.348025,-0.0203991,0.0022981,20.8661,-0.648603,0.100687,0.319482,3.69296,3.72112,3.68918,3.69278,3.72038,3.68881,-0.00503131,-0.00764354,-20.8661,-0.648603,0.100687,3.26551
1.00338,-1.99719,1.99276,8.012e-05,-0.00128969,-0.34817,-0.0215301,-0.00181871,20.8661,-0.561081,1.46523,3.26771,3.68801,3.72245,3.69241,3.68966,3.72125,3.69141,-0.00643703,-0.00743204,-20.8661,-0.561081,0.06978,3.34459
1.00389,-1.99714,1.99236,0.000215705,-0.00117607,-0.348294,-0.0216743,-0.00134963,20.8661,0.672788,2.23409,3.36549,3.68768,3.72197,3.69197,3.69068,3.72204,3.69095,-0.00791365,-0.00707143,-20.8661,-0.446313,0.0520275,3.16336
1.0044,-1.99711,1.99193,0.000386602,-0.00101288,-0.348414,-0.0213457,-0.000741818,20.8662,0.972228,2.5951,3.26905,3.68813,3.72149,3.69172,3.69159,3.72189,3.6905,-0.00922496,-0.00651322,-20.8662,-0.337457,-0.0118903,2.77025
1.005,-1.99712,1.99139,0.000596127,-0.00081304,-0.34854,-0.0201331,-6.68168e-05,20.8662,0.83101,2.20763,2.99456,3.68953,3.72036,3.69163,3.69252,3.72066,3.69064,-0.0104482,-0.00582558,-20.8662,-0.285487,-0.152678,2.24941
1.00546,-1.99717,1.9909,0.000731207,-0.000672441,-0.348631,-0.0180807,0.000493272,20.8663,-0.302045,1.48522,-1.70614,3.69208,3.71852,3.69259,3.69294,3.71853,3.69077,-0.0116379,-0.00517465,-20.8663,-0.302045,-0.348342,1.70614
1.00587,-1.99726,1.99039,0.00081864,-0.000561719,-0.348712,-0.0157566,-0.00416913,20.8663,-0.349991,0.815793,-1.20525,3.68954,3.71633,3.69732,3.68987,3.71619,3.69617,-0.0125705,-0.00461932,-20.8663,-0.349991,-0.551084,1.20525
1.0063,-1.99744,1.98971,0.000889001,-0.000449222,-0.348802,-0.0130157,-0.0070822,21.0205,-0.360124,0.527562,-0.927343,3.71589,3.74105,3.72832,3.716,3.74085,3.72748,-0.0132455,-0.00417884,-20.8662,-0.360124,-0.703063,0.927343
1.0066,-1.99767,1.98911,0.000951249,-0.000353026,-0.348883,-0.0109357,-0.00916489,21.0296,-0.320104,0.528229,-0.854073,3.71674,3.74062,3.73268,3.71688,3.74045,3.73188,-0.01368,-0.00363944,-20.8663,-0.320104,-0.786228,0.854073
1.00685,-1.99793,1.98869,0.00100213,-0.000246446,-0.348965,-0.00925412,-0.0108432,21.041,-0.264492,0.569738,-0.838775,3.71812,3.74097,3.73694,3.71834,3.74085,3.73613,-0.0138807,-0.00295469,-20.8714,-0.264492,-0.804914,0.838775
1.00705,-1.99823,1.98889,0.00103079,-0.000131697,-0.349048,-0.00789296,-0.0120217,21.0491,-0.207848,0.5633,-0.836824,3.71922,3.74106,3.74003,3.71947,3.741,3.73925,-0.0137639,-0.00198201,-20.8825,-0.207848,-0.795472,0.836824
1.00723,-1.99864,1.99,0.00102248,1.28589e-05,-0.349152,-0.00626202,-0.0132077,20.876,-0.158392,0.437525,-0.836858,3.68835,3.70873,3.71104,3.6885,3.70872,3.7104,-0.0134522,-0.000882364,-20.8957,-0.158392,-0.777012,0.836858
1.00734,-1.99901,1.99173,0.000971476,0.000134474,-0.349242,-0.00166674,-0.0156231,20.6461,-1.3748,-0.754899,-0.835367,3.64863,3.66412,3.67433,3.64708,3.66284,3.67413,-0.0130039,0.000240767,-20.9094,-0.118642,-0.754899,0.835367
1.00739,-1.99939,1.99401,0.000873875,0.000248208,-0.349333,-0.00235202,-0.0147056,20.6201,-1.87506,-0.732449,-0.835771,3.64459,3.66044,3.66875,3.64279,3.65865,3.66828,-0.0124235,0.00145302,-20.9169,-0.088371,-0.732449,0.835771
1.0074,-1.99977,1.99614,0.000732455,0.000356977,-0.349427,-0.00317065,-0.0129931,20.6841,-2.13553,-0.663016,4.21231,3.65654,3.6732,3.67788,3.65563,3.67017,3.67816,-0.0116232,0.00275965,-20.909,-0.0196314,-0.663016,0.836204
1.00737,-2.0002,1.99755,0.000551955,0.000514545,-0.349544,-0.00402721,-0.01042,20.889,-2.01107,-0.54541,4.39074,3.69454,3.71033,3.71164,3.69383,3.7074,3.71191,-0.0107032,0.00396769,-20.889,0.108532,-0.54541,0.834544
1.00729,-2.00053,1.99765,0.000426457,0.000674526,-0.349639,-0.000655707,-0.00764999,20.8678,-1.5317,1.0189,-0.656694,3.6944,3.70255,3.70824,3.6944,3.70108,3.70639,-0.00984253,0.00508529,-20.8678,0.279419,-0.423937,0.656694
1.00716,-2.00081,1.99719,0.00034372,0.000856088,-0.349718,0.00163825,-0.00495444,20.8561,-0.967304,1.52836,-0.283188,3.6953,3.69798,3.70505,3.69612,3.69702,3.70311,-0.0091089,0.00592671,-20.8561,0.455694,-0.315054,0.283188
1.00696,-2.00104,1.99675,0.000301856,0.00104117,-0.349783,0.00447803,-0.00472424,20.8531,0.600666,1.40878,-0.0339811,3.69597,3.69389,3.70522,3.69755,3.69452,3.70426,-0.00838008,0.00644554,-20.8531,0.600666,-0.27623,0.0339811
1.00662,-2.00128,1.99618,0.000289461,0.00118806,-0.349861,0.00832647,-0.00327147,20.8526,0.696033,-0.328581,0.0361125,3.69973,3.69,3.70496,3.6998,3.69072,3.70562,-0.00744021,0.00662235,-20.8526,0.696033,-0.328581,-0.0361125
1.00623,-2.00144,1.99562,0.000278437,0.00122192,-0.349927,0.0114429,-0.00240019,20.8525,0.692644,-0.425091,0.0495563,3.70202,3.68696,3.70569,3.70201,3.68767,3.70644,-0.00640092,0.00661164,-20.8525,0.692644,-0.425091,-0.0495563
1.00578,-2.00158,1.99498,0.000221938,0.00118471,-0.349989,0.0137647,-0.00197915,20.8525,0.604829,-0.465585,0.0513132,3.70355,3.68475,3.70648,3.70346,3.68537,3.70722,-0.00518545,0.0064627,-20.8525,0.604829,-0.465585,-0.0513132
1.00527,-2.00169,1.99424,0.000116214,0.00110769,-0.350052,0.0152357,-0.00179119,20.8526,0.487916,-1.97764,0.0512474,3.70515,3.68338,3.70639,3.70363,3.68387,3.70843,-0.00375558,0.00618971,-20.8526,0.487916,-0.429218,-0.0512474
1.00464,-2.00181,1.99328,-6.4543e-05,0.000964046,-0.350123,0.0158325,0.00221369,20.8528,-1.00036,-2.72229,2.6932,3.70932,3.68385,3.70313,3.70686,3.6823,3.70558,-0.00209923,0.00583384,-20.8528,0.368484,-0.365243,-0.0519684
1.0041,-2.00188,1.99238,-0.000261879,0.000809998,-0.350182,0.015077,0.00171298,20.9736,-1.47789,-2.76081,2.84018,3.73009,3.70628,3.72471,3.72737,3.7042,3.72697,-0.000508583,0.0054819,-20.8528,0.267451,-0.238204,-0.0514994
1.00357,-2.00193,1.99138,-0.000472372,0.000667553,-0.350239,0.0135549,0.00113734,20.9843,-1.31446,-2.17366,3.07306,3.73043,3.7096,3.72655,3.72837,3.70765,3.72841,0.0010382,0.00500354,-20.8528,0.235639,-0.0260878,-0.142674
1.00298,-2.00195,1.99029,-0.000651841,0.000539267,-0.350294,0.0112474,0.000498541,20.8572,0.291306,-1.15373,3.41327,3.70532,3.68851,3.70344,3.70508,3.68817,3.70528,0.0025817,0.00440193,-20.8572,0.291306,0.229898,-0.344602
1.00254,-2.00192,1.98982,-0.000729815,0.000464683,-0.350329,0.0090444,1.25177e-05,21.0187,0.385811,0.462396,3.73642,3.7317,3.71928,3.7321,3.73303,3.71898,3.73259,0.00377885,0.00385487,-20.8661,0.385811,0.462396,-0.579832
1.00213,-2.00184,1.98969,-0.000767548,0.000400974,-0.350354,0.0070006,0.00431317,21.0268,0.425036,0.620969,4.05232,3.73565,3.72271,3.72893,3.7372,3.72239,3.72936,0.00471212,0.0033891,-20.8721,0.425036,0.620969,-0.835085
1.00177,-2.0017,1.98973,-0.000812553,0.00031442,-0.350365,0.00524131,0.00677466,21.0329,0.389756,-0.819551,4.34494,3.73858,3.72555,3.72641,3.73887,3.72514,3.72817,0.00541437,0.00305837,-20.8788,0.389756,0.651885,-1.09902
1.00139,-2.00146,1.99057,-0.000881827,0.000128527,-0.350361,0.00352464,0.00943323,20.7523,0.32892,-1.74622,4.5981,3.69063,3.67751,3.67313,3.6901,3.67698,3.67575,0.00575609,0.00263949,-20.8895,0.32892,0.587446,-1.36179
1.00113,-2.0012,1.99201,-0.000934847,-8.05583e-05,-0.350343,0.00189552,0.0109963,20.6792,0.261569,-1.94925,4.82744,3.67829,3.6662,3.65797,3.67758,3.66556,3.66078,0.00586054,0.00199137,-20.9017,0.261569,0.536346,-1.63531
1.00092,-2.00091,1.99381,-0.000973446,-0.000283335,-0.350312,0.00183397,0.0137463,20.7011,0.198023,-1.53461,5.03284,3.68426,3.67019,3.65967,3.68393,3.66944,3.66211,0.00575488,0.00110011,-20.9045,0.198023,0.56982,-1.91917
1.00077,-2.0006,1.99509,-0.000987491,-0.000442875,-0.350266,-0.000568478,0.0136164,20.8933,0.14566,-0.780437,5.19486,3.71674,3.70667,3.69305,3.7171,3.70584,3.69482,0.00550098,0.00012278,-20.8933,0.14566,0.663845,-2.19712
1.00068,-2.00021,1.99562,-0.000953488,-0.000568991,-0.350189,-0.00511847,0.0127062,20.8772,0.105824,0.769739,5.27785,3.71019,3.70827,3.68944,3.71194,3.70738,3.6898,0.00511847,-0.00106404,-20.8772,0.105824,0.769739,-2.47129
1.00067,-1.9999,1.99555,-0.000875679,-0.00063727,-0.350109,-0.00463997,0.0115012,20.8673,1.44851,0.83096,5.34306,3.70727,3.70535,3.6886,3.70978,3.70585,3.68962,0.00463997,-0.00223961,-20.8673,0.0786597,0.83096,-2.73618
1.00072,-1.99958,1.99553,-0.000749269,-0.00069721,-0.350012,-0.00394238,0.0102182,20.8647,1.97283,0.797146,-2.63962,3.70671,3.70319,3.69018,3.70795,3.70575,3.68999,0.00394238,-0.00337622,-20.8647,0.058894,0.797146,-2.988
1.00085,-1.9992,1.99552,-0.000556147,-0.000794676,-0.349872,-0.00882963,0.00855843,20.8642,2.10849,0.682699,-3.46696,3.70293,3.70772,3.6891,3.70399,3.71057,3.68892,0.00310266,-0.00436088,-20.8642,-0.00424491,0.682699,-3.22692
1.00102,-1.9989,1.99548,-0.00041002,-0.000911032,-0.349742,-0.0125385,0.00886863,20.8641,1.71267,0.55019,-3.36001,3.70153,3.71154,3.68705,3.70228,3.71396,3.68681,0.00232816,-0.00510939,-20.8641,-0.131939,0.55019,-3.17556
1.00125,-1.99863,1.99541,-0.000314054,-0.00105163,-0.34962,-0.0143291,0.00753431,20.8642,0.931874,-0.865896,-3.1349,3.70036,3.71372,3.68686,3.69947,3.71529,3.68753,0.00144007,-0.00569344,-20.8642,-0.304658,0.418204,-2.76493
1.00151,-1.9984,1.99529,-0.000276821,-0.0011877,-0.349516,-0.0155548,0.00627453,20.8643,-0.470596,-1.08697,-3.03374,3.69917,3.71567,3.6876,3.69737,3.71575,3.68776,0.000262429,-0.0060834,-20.8643,-0.470596,0.303055,-2.22454
1.00183,-1.9982,1.99514,-0.000273403,-0.00130211,-0.349422,-0.01691,0.00504357,20.8643,-0.5844,0.26101,1.68495,3.69644,3.71749,3.68816,3.69669,3.71656,3.68794,-0.00103454,-0.00640394,-20.8643,-0.5844,0.26101,-1.68495
1.00226,-1.998,1.99492,-0.0002669,-0.00134518,-0.349324,-0.0188705,0.00403828,20.8643,-0.597334,0.29657,1.18713,3.69468,3.71937,3.68813,3.69486,3.71852,3.68777,-0.00247886,-0.00654233,-20.8643,-0.597334,0.29657,-1.18713
1.00267,-1.99786,1.99469,-0.000213222,-0.00130484,-0.349251,-0.0201431,0.00348496,20.8643,-0.527205,0.316769,0.907423,3.6936,3.72055,3.688,3.69378,3.71983,3.68761,-0.00387247,-0.00656452,-20.8643,-0.527205,0.316769,-0.907423
1.00322,-1.99771,1.99436,-8.66225e-05,-0.00119799,-0.349157,-0.0213629,0.00297823,20.8644,-0.428347,2.07062,0.837366,3.69177,3.7217,3.68862,3.69358,3.72109,3.68668,-0.00527971,-0.00645741,-20.8644,-0.428347,0.288811,-0.837366
1.0037,-1.9976,1.99404,6.12916e-05,-0.00105811,-0.349075,-0.021365,-0.00146632,20.8644,0.830687,2.71892,0.824253,3.6874,3.72104,3.69233,3.69044,3.72175,3.69046,-0.0066799,-0.00626283,-20.8644,-0.329026,0.243872,-0.824253
1.00418,-1.99752,1.99369,0.000242366,-0.000885417,-0.348991,-0.0203389,-0.00104103,20.8644,1.26584,2.83788,0.820848,3.6881,3.71982,3.69242,3.69148,3.72098,3.69067,-0.00816758,-0.00599966,-20.8644,-0.236143,0.132863,-0.820848
1.00466,-1.99746,1.99328,0.000452553,-0.000717182,-0.348901,-0.0186909,-0.000501723,20.8645,1.26533,2.21064,0.82039,3.68965,3.71822,3.69249,3.69246,3.71938,3.69131,-0.00950229,-0.00557861,-20.8645,-0.205251,-0.0716546,-0.82039
1.00518,-1.99743,1.99275,0.000639505,-0.000579811,-0.348793,-0.0163203,0.000131253,20.8645,-0.254166,1.05778,0.820993,3.69226,3.71671,3.69299,3.69324,3.71629,3.69206,-0.010649,-0.00500977,-20.8645,-0.254166,-0.32419,-0.820993
1.00555,-1.99745,1.99226,0.000723816,-0.000512044,-0.3487,-0.0139387,0.000636268,20.8646,-0.338875,-0.553556,0.819499,3.69462,3.71445,3.69304,3.6941,3.71394,3.69352,-0.0116443,-0.00447161,-20.8646,-0.338875,-0.553556,-0.819499
1.00587,-1.99751,1.99174,0.000764459,-0.000461733,-0.348607,-0.0119151,0.000950752,20.8646,-0.377954,-0.700416,0.819648,3.69594,3.7125,3.69371,3.69527,3.71195,3.6943,-0.0122921,-0.00402695,-20.8646,-0.377954,-0.700416,-0.819648
1.00615,-1.99763,1.99117,0.000811907,-0.000386903,-0.34851,-0.0101879,-0.00530615,20.8646,-0.350758,0.596054,-4.22876,3.69139,3.71032,3.70089,3.69095,3.71076,3.69937,-0.0126664,-0.00368325,-20.8646,-0.350758,-0.72112,-0.819541
1.00641,-1.99785,1.99048,0.000883884,-0.000229612,-0.348396,-0.00830973,-0.00857883,20.8646,-0.294819,1.44572,-4.34899,3.68916,3.70845,3.70495,3.68949,3.70897,3.70267,-0.0127673,-0.0033955,-20.8646,-0.294819,-0.640318,-0.820233
1.00658,-1.9981,1.98985,0.000954392,-5.71427e-05,-0.348304,-0.00674955,-0.0106584,21.017,-0.231385,1.6114,0.640548,3.71463,3.7344,3.73408,3.71609,3.73404,3.73263,-0.0126839,-0.00299609,-20.8648,-0.231385,-0.566997,-0.640548
1.0067,-1.99839,1.9892,0.00100939,0.0001058,-0.348227,-0.00516359,-0.0118859,21.0268,-0.175902,1.24631,0.269181,3.71629,3.73453,3.73748,3.71737,3.73429,3.73631,-0.0123801,-0.00222125,-20.8648,-0.175902,-0.57437,-0.269181
1.00677,-1.9987,1.98866,0.00103657,0.00023469,-0.348159,-0.0016147,-0.0126174,21.0399,-0.130455,0.558479,0.016496,3.72004,3.73334,3.74185,3.72048,3.73321,3.74128,-0.0119258,-0.00120263,-20.8698,-0.130455,-0.639918,-0.016496
1.00678,-1.99912,1.98878,0.00101694,0.000328923,-0.348076,-0.00221945,-0.0150993,21.049,-0.0957468,-0.71483,-0.0504537,3.71984,3.73552,3.74469,3.71914,3.73543,3.74527,-0.0113437,-6.18903e-05,-20.8808,-0.0957468,-0.71483,0.0504537
1.00674,-1.99948,1.98959,0.000948301,0.000360548,-0.348009,-0.0029071,-0.0145745,20.903,-1.18113,-0.754356,-2.70962,3.6946,3.7106,3.71852,3.69279,3.70989,3.71807,-0.010564,0.00109607,-20.8941,-0.0716203,-0.754356,0.0647432
1.00665,-1.99985,1.99112,0.000821139,0.000375576,-0.347941,0.00088639,-0.0133319,20.6685,-1.87707,-0.713888,-2.88124,3.65608,3.66566,3.67795,3.65392,3.66425,3.67707,-0.00973532,0.00234054,-20.9077,-0.0547399,-0.713888,0.066264
1.00649,-2.00029,1.99376,0.000599713,0.000419634,-0.347862,0.00225612,-0.0111547,20.6233,-2.31493,-0.608731,-3.16772,3.65068,3.65652,3.66896,3.64832,3.65471,3.6677,-0.00896878,0.0035765,-20.9161,-0.0049932,-0.608731,0.156418
1.00633,-2.00062,1.99585,0.00041284,0.000479047,-0.347808,0.00277216,-0.00881263,20.688,-2.09842,-0.482765,-3.50275,3.66429,3.66734,3.67873,3.6621,3.66582,3.67741,-0.00812073,0.00465772,-20.91,0.109939,-0.482765,0.356747
1.00615,-2.00093,1.99715,0.00024901,0.000548839,-0.347764,0.00304929,-0.00630388,20.8917,-1.48166,-0.365207,-3.85387,3.70249,3.70284,3.7128,3.70066,3.70203,3.71163,-0.00719927,0.00558439,-20.8917,0.283206,-0.365207,0.597965
1.00595,-2.00119,1.99743,0.000140273,0.000613572,-0.347734,0.00334381,-0.00645165,20.8712,-0.705785,-0.26655,-4.18858,3.69865,3.69848,3.70931,3.69725,3.69854,3.70838,-0.00624848,0.0062147,-20.8712,0.468667,-0.26655,0.856532
1.00567,-2.00145,1.99708,7.08482e-05,0.000683413,-0.347713,0.00419137,-0.00479671,20.8594,0.622294,-0.186051,-4.51759,3.69803,3.69485,3.70596,3.69733,3.69636,3.7056,-0.00526237,0.006524,-20.8594,0.622294,-0.186051,1.13309
1.00542,-2.00163,1.9968,4.56092e-05,0.000728199,-0.34771,0.00499729,-0.00338779,20.8565,0.706724,-0.127153,-4.80824,3.69908,3.69348,3.70468,3.69842,3.69513,3.70425,-0.00437282,0.00667275,-20.8565,0.706724,-0.127153,1.41547
1.00508,-2.00179,1.99644,5.07402e-06,0.000759166,-0.347723,0.00630801,-0.00190004,20.856,0.690407,-0.0853603,-5.05939,3.70088,3.69209,3.70401,3.70021,3.69377,3.70349,-0.0035304,0.00668537,-20.856,0.690407,-0.0853603,1.70134
1.00476,-2.00189,1.99607,-8.09806e-05,0.000757915,-0.347752,0.0072988,0.00276132,20.8559,-0.559065,-0.056428,-5.28043,3.70563,3.69175,3.70092,3.70428,3.69216,3.69967,-0.00270405,0.00654979,-20.8559,0.596212,-0.056428,1.99353
1.00441,-2.00196,1.99563,-0.00021843,0.000724747,-0.347797,0.00796558,0.00233442,20.856,-1.05641,-1.19607,-5.45863,3.70627,3.69136,3.70126,3.70361,3.69129,3.70075,-0.00180412,0.00625974,-20.856,0.474925,-0.0383081,2.28491
1.00405,-2.002,1.99512,-0.000378059,0.000659245,-0.347858,0.00831518,0.00174534,20.8561,-0.896625,-1.53919,-5.59723,3.70608,3.69093,3.70175,3.70317,3.69106,3.70161,-0.000942934,0.00573837,-20.8561,0.400137,-0.0267691,2.5761
1.00361,-2.002,1.99442,-0.00052469,0.000544845,-0.347954,0.00825861,0.00105487,20.8561,0.403736,-1.42258,-5.63878,3.70509,3.69031,3.70202,3.70294,3.6918,3.70245,-0.000106185,0.00504838,-20.8561,0.403736,0.0211178,2.85748
1.00326,-2.00196,1.99376,-0.00059285,0.000452305,-0.348052,0.00739013,0.000472167,20.8563,0.442777,-1.02779,0.0351061,3.70348,3.6917,3.70175,3.70279,3.69216,3.70292,0.000774228,0.00438462,-20.8563,0.442777,0.12358,3.12632
1.00292,-2.00187,1.99299,-0.000636319,0.000368563,-0.348173,0.00619836,0.00460234,20.8563,0.442196,0.24662,3.27733,3.70551,3.69318,3.69796,3.70658,3.69302,3.69859,0.00151972,0.00381315,-20.8563,0.442196,0.24662,3.37874
1.0026,-2.00173,1.99214,-0.000691234,0.000295559,-0.348308,0.00481071,0.00651243,20.8563,0.387464,0.352319,3.51088,3.70639,3.69459,3.69572,3.70758,3.69432,3.69627,0.00214576,0.00334449,-20.8563,0.387464,0.352319,3.4148
1.00228,-2.00151,1.99107,-0.000769502,0.000195211,-0.348459,0.00334964,0.00852681,20.8563,0.314471,-1.06545,3.19995,3.70807,3.69602,3.69271,3.70788,3.69574,3.69445,0.00263503,0.00280552,-20.8563,0.314471,0.388308,3.09666
1.00205,-2.00128,1.99008,-0.000832893,6.00189e-05,-0.348573,0.00202441,0.00982936,20.9847,0.241232,-1.59247,3.02345,3.73155,3.72009,3.71352,3.73081,3.71977,3.71566,0.00300489,0.00213749,-20.8566,0.241232,0.352308,2.56868
1.00185,-2.00103,1.98903,-0.000882738,-0.00010279,-0.348673,0.000592601,0.0107357,21.1581,0.178988,-1.54036,-2.00526,3.76285,3.7518,3.74333,3.76117,3.75236,3.74444,0.00315206,0.00127485,-20.8566,0.178988,0.344408,2.00526
1.00169,-2.00074,1.98806,-0.000910975,-0.000247615,-0.348762,-0.00105093,0.0128237,21.0401,0.12885,-0.991109,-1.47358,3.7426,3.73256,3.72006,3.7415,3.73297,3.72074,0.00313707,0.000292603,-20.8611,0.12885,0.408554,1.47358
1.00159,-2.00042,1.98775,-0.00090594,-0.000351386,-0.348845,-0.00615742,0.0126715,21.0596,0.0923523,0.505323,-1.17905,3.74275,3.74104,3.72182,3.74303,3.74136,3.72119,0.00298312,-0.000698335,-20.8758,0.0923523,0.505323,1.17905
1.00153,-2.00002,1.98881,-0.000845545,-0.000421794,-0.348951,-0.0057437,0.0121662,20.8919,0.0669676,0.590048,-1.09985,3.71275,3.71092,3.69274,3.71311,3.71119,3.69204,0.00268742,-0.00171924,-20.8942,0.0669676,0.590048,1.09985
1.00152,-1.99969,1.99054,-0.000744029,-0.0004614,-0.349043,-0.00519155,0.0113516,20.6422,1.59335,0.595235,-1.08548,3.66764,3.6653,3.64902,3.6688,3.66716,3.6491,0.0021448,-0.00279086,-20.91,0.0499873,0.595235,1.08548
1.00154,-1.99936,1.99288,-0.000594145,-0.000512412,-0.349139,-0.00455067,0.0102419,20.611,2.15906,0.529644,4.03563,3.66087,3.65932,3.64406,3.66324,3.66081,3.64548,0.00146267,-0.00374357,-20.9187,0.0392643,0.529644,1.08314
1.00159,-1.99903,1.99513,-0.000411386,-0.000579311,-0.349238,-0.00393589,0.00858635,20.6768,2.21464,0.434159,4.20627,3.67145,3.67037,3.65735,3.67379,3.67188,3.65891,0.00075419,-0.00463267,-20.9121,-0.023524,0.434159,1.083
1.00169,-1.99868,1.99662,-0.000224578,-0.000682225,-0.349356,-0.00761292,0.00878289,20.8919,1.55126,0.334598,-0.89902,3.70869,3.71198,3.69417,3.70963,3.71377,3.6945,0.000118226,-0.00537581,-20.8919,-0.169459,0.334598,0.89902
1.00181,-1.99842,1.99673,-0.000131961,-0.000786567,-0.349441,-0.00903232,0.0070112,20.8699,-0.352412,0.244798,-0.513577,3.70309,3.71048,3.69148,3.70303,3.71021,3.69098,-0.00042606,-0.00587948,-20.8699,-0.352412,0.244798,0.513577
1.00196,-1.99821,1.9963,-9.50692e-05,-0.000898999,-0.349515,-0.0103497,0.00511517,20.8577,-0.51636,-0.962883,-0.258242,3.69925,3.70971,3.68975,3.69806,3.70923,3.6903,-0.000986705,-0.00629182,-20.8577,-0.51636,0.173754,0.258242
1.00216,-1.99805,1.99589,-7.71674e-05,-0.00100679,-0.349591,-0.011752,0.00336552,20.8545,-0.575784,0.119401,-0.190918,3.69605,3.71056,3.69048,3.69582,3.70999,3.69003,-0.00167908,-0.00657286,-20.8545,-0.575784,0.119401,0.190918
1.00245,-1.9979,1.99537,-7.67196e-06,-0.00110458,-0.349682,-0.0138563,0.00159097,20.8539,0.574913,0.12028,-0.178071,3.69312,3.7119,3.69054,3.69349,3.71253,3.6907,-0.00244768,-0.00666388,-20.8539,-0.532095,0.12028,0.178071
1.00276,-1.99782,1.99484,0.000104079,-0.00113421,-0.349762,-0.0155543,-0.00221258,20.8539,0.982295,0.138261,-0.175787,3.68896,3.71334,3.69282,3.68956,3.71439,3.69317,-0.00329629,-0.00656515,-20.8539,-0.446825,0.138261,0.175787
1.0031,-1.99779,1.99424,0.00023055,-0.00113001,-0.34984,-0.0167544,-0.00187601,20.854,0.788542,0.131904,-0.174171,3.68874,3.71463,3.69202,3.68923,3.71549,3.69228,-0.00425362,-0.00630368,-20.854,-0.389301,0.131904,0.174171
1.00347,-1.99779,1.99357,0.00032655,-0.00108839,-0.349917,-0.0176415,-0.0013937,20.8541,-0.395253,0.116369,-0.174555,3.68904,3.71613,3.69149,3.6889,3.71575,3.69115,-0.00524158,-0.00582257,-20.8541,-0.395253,0.116369,0.174555
1.00387,-1.99782,1.99278,0.000373008,-0.0010009,-0.349997,-0.0180559,-0.00080595,20.8541,-0.430974,1.31105,-0.174854,3.68881,3.71656,3.69135,3.68973,3.71614,3.68991,-0.00631738,-0.0051702,-20.8541,-0.430974,0.0974852,0.174854
1.00428,-1.99788,1.99194,0.000384391,-0.000872089,-0.350073,-0.0178339,-0.000281473,20.8542,-0.426662,1.77311,2.34055,3.68892,3.71658,3.691,3.69074,3.7157,3.68962,-0.00738764,-0.00452151,-20.8542,-0.426662,0.0790691,0.175287
1.00474,-1.99799,1.99083,0.000404961,-0.000673796,-0.350162,-0.0169281,-0.00441693,20.9775,-0.373457,1.99515,2.5626,3.70762,3.73758,3.71687,3.70971,3.7367,3.71537,-0.00840567,-0.00396618,-20.8542,-0.373457,0.0227656,0.175409
1.00509,-1.99811,1.98983,0.000434463,-0.000507345,-0.350232,-0.0152579,-0.00519901,21.1406,-0.301753,1.8011,2.82717,3.73674,3.76486,3.74714,3.73874,3.76401,3.74589,-0.00941809,-0.00350774,-20.8545,-0.301753,-0.0963397,0.085786
1.00542,-1.99824,1.98889,0.000472518,-0.00035805,-0.350293,-0.0134369,-0.00537861,21.0253,-0.230604,1.35664,3.17508,3.71717,3.74263,3.72748,3.71888,3.74179,3.72673,-0.0102322,-0.00295148,-20.8587,-0.230604,-0.258148,-0.108794
1.0057,-1.99839,1.98857,0.000504094,-0.000239594,-0.350344,-0.0115798,-0.00522899,21.0445,-0.170006,0.824609,3.53637,3.7218,3.74423,3.73137,3.72313,3.74338,3.73121,-0.010844,-0.0022523,-20.8731,-0.170006,-0.422132,-0.342534
1.00598,-1.99857,1.98949,0.000526125,-0.000129629,-0.350393,-0.00933844,-0.00520468,20.8961,-0.121255,-0.553405,3.91396,3.69716,3.71573,3.70545,3.69734,3.71486,3.70662,-0.0112894,-0.00155036,-20.8904,-0.121255,-0.553405,-0.59696
1.00617,-1.99873,1.99105,0.000526095,-5.32182e-05,-0.350422,-0.00764736,-0.00514276,20.6643,-0.0847584,-0.634803,4.25231,3.65692,3.67298,3.66502,3.6571,3.67208,3.66636,-0.0114658,-0.00085182,-20.9054,-0.0847584,-0.634803,-0.864086
1.0063,-1.99889,1.99318,0.000508839,3.14988e-05,-0.350438,-0.00615651,-0.00513543,20.6327,-0.0581854,-0.627198,4.57151,3.65201,3.66594,3.66011,3.65228,3.66501,3.66151,-0.0114241,-0.000213733,-20.9142,-0.0581854,-0.627198,-1.14268
1.0064,-1.99907,1.99526,0.000472268,0.00015381,-0.350441,-0.00161041,-0.00695874,20.6873,-0.0397625,0.799916,4.86397,3.66169,3.67121,3.67415,3.66331,3.67024,3.67433,-0.0111912,0.000354212,-20.9083,-0.0397625,-0.545779,-1.42746
1.00646,-1.99928,1.9967,0.000396175,0.000352299,-0.350426,-0.00210864,-0.00633463,20.89,-1.57118,1.22028,5.11864,3.69811,3.70847,3.70991,3.69937,3.70587,3.70896,-0.0108077,0.00083156,-20.89,-0.028876,-0.435976,-1.72051
1.00645,-1.99945,1.99682,0.000301333,0.000528412,-0.350396,-0.00273987,-0.00512486,20.8696,-1.8014,0.860648,5.34184,3.69541,3.70561,3.70484,3.69626,3.70273,3.70414,-0.0101676,0.00137564,-20.8696,-0.0211787,-0.380941,-2.0197
1.00641,-1.99959,1.99643,0.000204862,0.000657636,-0.350349,-0.00342584,-0.00343491,20.8582,-1.22715,-0.406026,5.52181,3.69489,3.70398,3.70032,3.69493,3.70165,3.70109,-0.00938558,0.00192416,-20.8582,0.0399613,-0.406026,-2.31538
1.0063,-1.9997,1.99606,0.000152545,0.000739758,-0.350286,0.00152386,0.0023645,20.8554,0.169687,-0.455928,5.65309,3.70134,3.69794,3.69694,3.70209,3.69705,3.69851,-0.0086092,0.0023645,-20.8554,0.169687,-0.455928,-2.60573
1.0061,-1.99978,1.9956,0.00015587,0.000801533,-0.350187,0.00458124,0.00267646,20.8549,0.303668,-0.457542,5.69235,3.70296,3.6948,3.69803,3.70378,3.69403,3.69968,-0.00795312,0.00267646,-20.8549,0.303668,-0.457542,-2.89048
1.00587,-1.99983,1.99515,0.000191801,0.000851537,-0.350086,0.00700016,0.0026467,20.8548,0.363067,-0.401883,-0.199822,3.70462,3.69183,3.69979,3.7044,3.69225,3.7003,-0.00721717,0.0026467,-20.8548,0.363067,-0.401883,-3.16415
1.00557,-1.99988,1.99462,0.000227255,0.000895039,-0.349966,0.00903179,0.00229881,20.8549,0.34656,-0.327313,-3.48298,3.70561,3.68957,3.70144,3.70484,3.69059,3.70125,-0.00620482,0.00229881,-20.8549,0.34656,-0.327313,-3.41945
1.00512,-1.99996,1.99387,0.000261938,0.000926286,-0.3498,0.0114307,0.00185612,20.8549,0.296599,-0.254102,-3.73197,3.70642,3.68724,3.70306,3.70564,3.68826,3.70273,-0.00505573,0.00185612,-20.8549,0.296599,-0.254102,-3.44767
1.00471,-2.00004,1.99318,0.000281885,0.000922228,-0.349671,0.0127855,0.00142222,20.8549,0.237311,-0.191036,-3.4933,3.70668,3.68598,3.70411,3.70597,3.68689,3.70374,-0.00380591,0.00142222,-20.8549,0.237311,-0.191036,-3.1168
1.00426,-2.00013,1.99241,0.000291484,0.000879265,-0.349552,0.0136086,-0.00341846,20.8551,0.179733,-0.141232,-3.33276,3.70301,3.68526,3.70865,3.70234,3.68608,3.70824,-0.00234798,0.00101259,-20.8551,0.179733,-0.141232,-2.5689
1.00377,-2.00025,1.99154,0.000289186,0.000785713,-0.349445,0.0139958,-0.00467406,20.8552,0.129401,-1.42494,-3.26553,3.70273,3.68492,3.70933,3.70089,3.68567,3.71007,-0.000922384,0.000691868,-20.8552,0.129401,-0.102929,-1.97622
1.00319,-2.00041,1.99043,0.000265929,0.000606303,-0.349336,0.0136897,-0.00541098,20.9795,0.0890596,-2.242,1.42363,3.72394,3.70773,3.73105,3.72223,3.70755,3.73339,0.000483892,0.000604561,-20.8552,0.0890596,-0.075724,-1.42363
1.00271,-2.00056,1.9894,0.000216411,0.000401376,-0.349255,0.0122947,-0.00551088,21.1483,0.0576048,-2.56198,0.925367,3.75332,3.739,3.76031,3.75121,3.73889,3.76283,0.00181157,0.000796822,-20.8552,0.0576048,-0.0088231,-0.925367
1.00227,-2.00071,1.98846,0.000137406,0.000196862,-0.349183,0.0101224,-0.00535156,21.0326,0.0339111,-2.3816,0.645606,3.73183,3.72059,3.73871,3.72982,3.7205,3.741,0.00302982,0.00113254,-20.8596,0.0339111,0.134983,-0.645606
1.00182,-2.00089,1.98819,9.76691e-07,-1.15163e-05,-0.349093,0.00697359,-0.00493386,21.0514,0.0148584,-1.87386,0.574316,3.73377,3.727,3.74041,3.73219,3.7269,3.74221,0.00410999,0.00150916,-20.8743,0.0148584,0.331541,-0.574316
1.0015,-2.00104,1.98907,-0.000149339,-0.000145023,-0.349013,0.00386976,-0.00619077,20.8992,-1.32961,-1.30858,0.561256,3.70429,3.70372,3.71356,3.70252,3.70223,3.71415,0.00485829,0.00190703,-20.892,0.00322501,0.539965,-0.561256
1.00126,-2.00117,1.99065,-0.000321774,-0.000236661,-0.348933,0.000969349,-0.00512179,20.6593,-1.71406,-0.83621,0.559654,3.66111,3.66419,3.669,3.65957,3.6623,3.66897,0.00529699,0.00227761,-20.9078,-0.00326494,0.71967,-0.559654
1.00106,-2.00129,1.99328,-0.000535974,-0.000305713,-0.348837,-0.00236631,6.52783e-05,20.6201,-1.60931,-0.302161,0.558369,3.65665,3.66044,3.65627,3.65565,3.65866,3.65581,0.0054261,0.00263638,-20.9166,0.0391956,0.839356,-0.558369
1.00098,-2.00132,1.99536,-0.000679173,-0.000339312,-0.348757,-0.00539712,8.3542e-05,20.6956,-1.16837,0.859314,0.558887,3.66794,3.67656,3.66858,3.66821,3.67524,3.6673,0.00539712,0.00273237,-20.9171,0.062224,0.859314,-0.558887
1.00095,-2.0013,1.99663,-0.000771585,-0.000360906,-0.348673,-0.00539712,0.00012598,20.9171,0.062224,0.859314,0.558887,3.70694,3.7152,3.7075,3.70785,3.71516,3.70686,0.00539712,0.00273237,-20.9171,0.062224,0.859314,-0.558887
1.00097,-2.00122,1.9969,-0.000795675,-0.000384903,-0.348588,-0.00539712,0.00491796,20.9171,0.062224,0.859314,0.558887,3.71098,3.7152,3.70346,3.7119,3.71516,3.70282,0.00539712,0.00273237,-20.9171,0.062224,0.859314,-0.558887
1.00103,-2.00108,1.99662,-0.000778689,-0.000433997,-0.348503,-0.00746469,0.00764588,20.9171,0.062224,0.859314,0.558887,3.71228,3.71721,3.70015,3.71319,3.71717,3.69951,0.00539712,0.00273237,-20.9171,0.062224,0.859314,-0.558887
