0,-0,-0,0,0,-0,7.6802,7.51179,7.62956,7.58097,7.61103,7.53033,0.03,0.03,42.7972,-0,-0,-523.6
0,-0,-0,0,0,-0,7.6802,7.51179,7.62956,7.58097,7.61103,7.53033,0.03,0.03,42.7972,-0,-0,-523.6
0.0129634,-0.0174522,0.128954,4.5343e-05,9.55726e-05,-0.0388307,7.47862,7.31859,7.42887,7.38675,7.41046,7.337,0.0296111,0.0294764,41.685,-0,-0,-484.769
0.0129634,-0.0174522,0.128954,4.5343e-05,9.55726e-05,-0.0388307,7.47862,7.31859,7.42887,7.38675,7.41046,7.337,0.0296111,0.0294764,41.685,-0,-0,-484.769
0.0129719,-0.0174473,0.133191,-1.86599e-05,-1.85953e-05,-0.0388312,7.20921,7.04917,7.15945,7.11734,7.14104,7.06758,0.0296108,0.0294766,40.166,-0,-0,-484.769
0.0130015,-0.0174339,0.200228,-6.64837e-05,-0.000263773,-0.0388478,6.21171,6.05167,6.16195,6.11984,6.14354,6.07008,0.02961,0.029477,34.5419,-0,-0,-484.752
0.0130702,-0.0174155,0.319411,-7.66247e-06,-0.000793486,-0.0388842,5.35407,5.19234,5.30089,5.25879,5.2842,5.21245,0.0296079,0.0294775,29.6969,-0,-3.78913,-484.716
0.0132609,-0.017402,0.487267,0.000149281,-0.00188786,-0.0389693,4.52267,4.36052,4.4686,4.42652,4.45236,4.38106,0.0296022,0.0294779,25.0068,-0,-4.77266,-484.631
0.01378,-0.0174654,0.704559,0.000642249,-0.00287305,-0.0395959,3.75296,3.5952,3.70321,3.66333,3.68483,3.61358,0.0295866,0.029476,20.6856,-0,-0,-472.945
0.0147152,-0.01773,0.937403,0.00139651,-0.00352869,-0.041773,3.20437,3.04966,3.15463,3.11774,3.13629,3.068,0.0295585,0.0294681,17.6011,-0,-0,-457.131
0.0162165,-0.0183115,1.19582,0.00233,-0.00414833,-0.0459644,2.84319,2.6921,2.79348,2.7601,2.77519,2.71039,0.0295135,0.0294507,15.5749,-0,-0,-438.447
0.0179514,-0.019127,1.41458,0.0032435,-0.00473693,-0.0512119,2.70499,2.55655,2.65532,2.62677,2.6394,2.5771,0.0294615,0.0294262,14.8097,2.95751,-0,-420.866
0.0203607,-0.0204358,1.63806,0.00436451,-0.00547166,-0.0588146,2.71169,2.56616,2.65981,2.63531,2.6453,2.58797,0.0293892,0.0293869,14.853,3.22195,-2.5111,-399.894
0.0225396,-0.0217559,1.78759,0.00527581,-0.00608544,-0.0658222,2.79666,2.65384,2.7446,2.72423,2.73177,2.67721,0.0293238,0.0293473,15.3436,5.12425,-2.79278,-382.985
0.026648,-0.0245266,1.98257,0.00666076,-0.00712408,-0.0790302,3.01762,2.88013,2.96528,2.9502,2.95292,2.90375,0.0292006,0.0292642,16.6043,5.3233,-3.26945,-354.82
0.0302793,-0.0272255,2.094,0.00756607,-0.00786262,-0.0904681,3.20836,3.07584,3.15585,3.14343,3.14163,3.09742,0.0290916,0.0291832,17.6874,2.62969,-3.60839,-332.69
0.0348114,-0.0308613,2.18527,0.00831673,-0.0085909,-0.104257,3.3902,3.26241,3.33757,3.32976,3.32381,3.28424,0.0289557,0.0290742,18.7262,2.89059,-3.94262,-308.11
0.0396154,-0.0349784,2.2481,0.0087944,-0.00917567,-0.118184,3.52077,3.39752,3.4681,3.46456,3.4547,3.41949,0.0288115,0.0289507,19.4753,3.05661,-4.21098,-284.936
0.045804,-0.0405914,2.30051,0.0091518,-0.00971524,-0.13513,3.62453,3.50659,3.57192,3.5732,3.55887,3.52864,0.0286259,0.0287823,20.0754,3.18083,-4.4586,-258.353
0.0523277,-0.0468002,2.33693,0.00925507,-0.0100953,-0.151929,3.68432,3.57146,3.63186,3.63758,3.61904,3.59349,0.0284302,0.028596,20.4268,3.21672,-4.63303,-233.404
0.058119,-0.0525047,2.36021,0.00912986,-0.0103175,-0.166073,3.7115,3.6028,3.65925,3.66844,3.64654,3.62473,0.0282564,0.0284249,20.5917,3.1732,-4.735,-213.364
0.066089,-0.0605745,2.3844,0.00865135,-0.0105001,-0.184547,3.72914,3.62577,3.67722,3.6907,3.66457,3.64747,0.0280173,0.0281828,20.706,3.00689,-4.81882,-188.173
0.0763579,-0.0712111,2.40762,0.00755196,-0.010599,-0.206969,3.73888,3.64274,3.68746,3.70403,3.67212,3.66139,0.0277093,0.0278637,20.7734,-0.692806,-4.86418,-158.806
0.0840795,-0.0792897,2.4213,0.00639512,-0.0106038,-0.222988,3.74198,3.65061,3.69096,3.71015,3.67456,3.66791,0.0274776,0.0276213,20.8012,-2.231,-4.8664,-138.639
0.0957689,-0.091482,2.43789,0.00419999,-0.0105313,-0.246063,3.74496,3.66073,3.69459,3.71649,3.6754,3.67484,0.0271269,0.0272555,20.8302,-6.04135,-4.83313,-110.597
0.108024,-0.104003,2.45141,0.00155205,-0.0103671,-0.268909,3.74761,3.66968,3.69794,3.7236,3.67792,3.68252,0.0267593,0.0268799,20.8605,-7.34521,-4.75777,-83.8515
0.116743,-0.112632,2.45919,-0.000466924,-0.0102039,-0.284409,3.74996,3.67614,3.7008,3.72905,3.68046,3.68834,0.0264977,0.026621,20.8844,-7.91287,-4.68286,-66.2896
0.133912,-0.128686,2.4711,-0.00454394,-0.00975672,-0.313239,3.75562,3.6893,3.70745,3.74036,3.68658,3.70027,0.0259826,0.0261394,20.936,-8.92769,-4.47764,-34.6761
0.14857,-0.1412,2.4785,-0.0080666,-0.00923434,-0.336215,3.76193,3.70224,3.71462,3.74963,3.69115,3.70997,0.0255429,0.025764,20.9829,-12.5133,-4.23791,-10.3096
0.161177,-0.150973,2.48334,-0.0111109,-0.00866296,-0.354867,3.7664,3.7117,3.71982,3.75703,3.69516,3.71762,0.0251647,0.0254708,21.0188,-14.2907,-3.97568,8.75586
0.176469,-0.161512,2.48781,-0.0147443,-0.00780672,-0.37619,3.77078,3.72164,3.72508,3.76485,3.69928,3.72562,0.0247059,0.0251546,21.0559,-16.0349,-3.58273,29.8407
0.193449,-0.171466,2.49145,-0.0185559,-0.0066242,-0.398328,3.77484,3.73138,3.73014,3.77263,3.70339,3.73342,0.0241965,0.024856,21.0921,-17.5725,-3.04004,51.1171
0.214545,-0.181254,2.49457,-0.0228576,-0.00479093,-0.423815,3.77797,3.74197,3.73651,3.78218,3.70782,3.74072,0.0235637,0.0245624,21.131,-19.161,-0,74.906
0.229196,-0.186397,2.49609,-0.0255193,-0.00326224,-0.440346,3.78035,3.74814,3.73915,3.78699,3.71038,3.74578,0.0231241,0.0244081,21.1532,-19.9214,-0,89.7841
0.249469,-0.191343,2.49757,-0.0286968,-0.000819866,-0.46182,3.78103,3.75534,3.74363,3.79445,3.71335,3.74994,0.0225159,0.0242597,21.1785,-20.555,3.94021,108.556
0.270823,-0.193915,2.49859,-0.0313543,0.00210356,-0.482903,3.79193,3.77171,3.75678,3.81075,3.7262,3.76426,0.0218753,0.0241825,21.2574,-20.7065,6.28304,126.303
0.291342,-0.193925,2.49921,-0.0332042,0.0052604,-0.501901,3.78718,3.77292,3.75647,3.81355,3.72482,3.76262,0.0212597,0.0241822,21.2535,-20.3755,11.2054,141.789
0.314444,-0.19112,2.49963,-0.0344118,0.00912948,-0.522054,3.78257,3.77431,3.75581,3.81685,3.72401,3.76169,0.0205667,0.0242664,21.2514,-19.3366,15.7367,159.108
0.33912,-0.184846,2.50005,-0.0346158,0.0135664,-0.542404,3.77793,3.77499,3.75536,3.82026,3.72395,3.76027,0.0198264,0.0244546,21.249,-17.5478,20.742,172.881
0.369907,-0.172156,2.50049,-0.033161,0.0193618,-0.566527,3.77133,3.77389,3.75366,3.82561,3.72585,3.75943,0.0189028,0.0248353,21.2462,-11.5255,26.8823,190.111
0.390962,-0.160165,2.50068,-0.030962,0.0233588,-0.582474,3.76815,3.77489,3.75329,3.82829,3.7256,3.75809,0.0182712,0.025195,21.2449,-10.7612,30.6664,200.906
0.412507,-0.144787,2.50073,-0.0275925,0.0273399,-0.598556,3.76464,3.77418,3.75182,3.83181,3.72742,3.75801,0.0176248,0.0256564,21.2445,-6.45357,33.7941,211.265
0.435819,-0.124007,2.50055,-0.0225675,0.0313227,-0.615965,3.76145,3.77329,3.75002,3.83587,3.73018,3.75858,0.0169254,0.0262798,21.2459,-1.03889,36.4975,221.788
0.456683,-0.100835,2.50007,-0.0164934,0.034404,-0.631899,3.75928,3.77236,3.74813,3.83993,3.73366,3.76001,0.0162995,0.026975,21.2496,4.83349,38.1167,230.814
0.478285,-0.0704756,2.4991,-0.00806038,0.036777,-0.649343,3.77093,3.7841,3.7584,3.85723,3.75123,3.77562,0.0156515,0.0278857,21.3287,12.079,38.2858,239.878
0.492927,-0.0441849,2.498,-0.000486088,0.0375537,-0.66234,3.77532,3.78752,3.76048,3.865,3.75992,3.78303,0.0152122,0.0286745,21.3604,18.2528,37.2051,245.96
0.504949,-0.0164205,2.49666,0.00764931,0.0372135,-0.674553,3.77128,3.80342,3.75287,3.86274,3.78079,3.78152,0,0.0295074,21.3805,23.9496,34.8064,251.065
0.51432,0.0135505,2.49528,0.0164596,0.0355771,-0.686417,3.77308,3.802,3.74965,3.86487,3.78462,3.78565,0,0.0304065,21.3873,29.7697,30.9146,255.331
0.520571,0.047652,2.49391,0.0264391,0.0321135,-0.698643,3.77405,3.79865,3.74377,3.86454,3.78688,3.78871,0,0.0314296,21.3842,35.7948,25.2447,258.914
0.521844,0.0823686,2.49283,0.0364649,0.0267555,-0.710022,3.76511,3.78451,3.72624,3.85188,3.77767,3.78113,0,0.0324711,21.3184,40.9474,17.6673,261.181
0.518536,0.110637,2.49225,0.0444252,0.0207955,-0.718686,3.77012,3.7844,3.72248,3.85145,3.78093,3.7866,0,0.0333191,21.3272,44.3203,9.54364,261.92
0.510338,0.13868,2.49194,0.0519842,0.0130806,-0.726918,3.77583,3.78457,3.71844,3.8499,3.78349,3.79196,0,0.0341604,21.335,46.536,0.306686,261.49
0.498628,0.16129,2.49179,0.0576248,0.00503766,-0.73345,3.78907,3.77071,3.72219,3.85471,3.77029,3.80397,0.0150412,0.0348387,21.3413,46.8994,-8.9472,260.027
0.48737,0.175687,2.49178,0.0608431,-0.00142397,-0.737686,3.79352,3.77131,3.72019,3.85269,3.77039,3.80694,0.0153789,0.0352706,21.3451,46.0984,-15.2838,258.272
0.467693,0.19191,2.49199,0.0637303,-0.011116,-0.742833,3.80076,3.77241,3.71676,3.84801,3.76932,3.8113,0.0159692,0.0357573,21.3485,43.3873,-26.2078,254.825
0.446434,0.201426,2.49244,0.0643796,-0.0201794,-0.7466,3.80695,3.77348,3.71408,3.84295,3.76702,3.81414,0.016607,0.0360428,21.3485,39.4021,-35.5069,250.679
0.417655,0.20517,2.49328,0.0623871,-0.0309255,-0.749954,3.81375,3.77485,3.71134,3.83573,3.76251,3.81608,0.0174704,0.0361551,21.3444,32.6526,-45.8632,244.589
0.392113,0.201433,2.49418,0.0583765,-0.0391942,-0.751801,3.81853,3.77624,3.70989,3.82912,3.75724,3.81607,0.0182366,0.036043,21.3377,25.2007,-52.9746,238.787
0.363672,0.190196,2.49525,0.0516682,-0.046991,-0.752919,3.80931,3.76365,3.69624,3.80933,3.7389,3.80185,0.0190898,0.0357059,21.2552,17.958,-58.5181,229.319
0.332316,0.168942,2.49642,0.0415528,-0.0536064,-0.753155,3.82488,3.78086,3.7102,3.8147,3.74095,3.81098,0.0200305,0.0350683,21.3146,3.45512,-61.499,229.555
0.307714,0.144762,2.49714,0.0313421,-0.0570138,-0.752571,3.82687,3.7827,3.71348,3.80858,3.73406,3.80603,0.0207686,0.0343429,21.3044,-7.3703,-61.4291,216.151
0.283478,0.11251,2.49738,0.0188357,-0.0582523,-0.751145,3.8273,3.78593,3.71887,3.80469,3.72686,3.80044,0.0214956,0.0333753,21.2973,-18.9333,-57.7395,207.604
0.268673,0.0869754,2.49724,0.00966115,-0.0574881,-0.749656,3.82702,3.7884,3.72378,3.8032,3.72263,3.79635,0.0219398,0.0326093,21.2947,-26.4909,-53.4205,201.433
0.251373,0.0479931,2.49658,-0.00334674,-0.0541744,-0.746899,3.82567,3.79162,3.73206,3.8034,3.71871,3.79087,0.0224588,0.0314398,21.2956,-34.9742,-44.9385,192.508
0.236733,-0.000862891,2.49505,-0.0181547,-0.0471047,-0.742664,3.845,3.81803,3.76534,3.82636,3.73578,3.80482,0.022898,0.0299741,21.4206,-45.9695,-32.2107,181.316
0.228799,-0.0480683,2.49285,-0.0310829,-0.0375618,-0.737686,3.85146,3.83181,3.7877,3.84054,3.74434,3.80789,0.023136,0.028558,21.4849,-53.0087,-17.2382,170.181
0.226522,-0.0847095,2.49073,-0.0401212,-0.0284213,-0.733125,3.85311,3.83846,3.80122,3.84872,3.74917,3.8079,0.0232043,0.0274587,21.5176,-56.405,-6.13279,161.074
0.229009,-0.13501,2.48775,-0.0506994,-0.0134127,-0.725613,3.84743,3.84,3.81429,3.8561,3.7521,3.80163,0.0231297,0.0259497,21.5298,-57.5266,11.8263,147.581
0.233493,-0.163095,2.48621,-0.0554333,-0.00365089,-0.720585,3.84023,3.83743,3.81971,3.85897,3.75215,3.79473,0.0229952,0.0251072,21.522,-56.5676,24.233,139.037
0.246124,-0.207292,2.48427,-0.0604172,0.0143297,-0.710815,3.82491,3.82681,3.82143,3.85839,3.75022,3.78159,0.0226163,0.0237812,21.4845,-51.0464,40.6361,123.537
0.258572,-0.234395,2.48366,-0.0610525,0.0276536,-0.702908,3.80726,3.8117,3.81586,3.85275,3.74451,3.76662,0.0222428,0.0229681,21.4238,-44.1916,52.5038,111.575
0.271925,-0.254676,2.48385,-0.0590801,0.0397035,-0.694974,3.80208,3.80727,3.81987,3.85811,3.75131,3.76483,0.0218422,0.0223597,21.4282,-35.4966,61.5609,100.164
0.285722,-0.268912,2.48481,-0.0546509,0.0504807,-0.686789,3.77907,3.78334,3.80349,3.84422,3.74028,3.74575,0.0214284,0.0219326,21.3274,-25.1799,68.1095,88.7671
0.302753,-0.278073,2.48715,-0.0454694,0.0617971,-0.675858,3.75798,3.75819,3.78621,3.83164,3.73372,3.73029,0.0209174,0.0216578,21.2352,-9.9823,71.817,74.2359
0.311168,-0.278585,2.48908,-0.0387838,0.0664672,-0.669576,3.74674,3.74317,3.77444,3.82307,3.7297,3.72231,0.0206649,0.0216424,21.1801,-0.875618,71.1964,66.2578
0.321605,-0.272878,2.49273,-0.0265474,0.0708159,-0.659497,3.73432,3.72264,3.75681,3.81072,3.72608,3.71459,0.0203519,0.0218136,21.1103,13.1342,65.7328,54.0736
0.327116,-0.261237,2.49638,-0.0142517,0.0711972,-0.650044,3.72957,3.7085,3.74305,3.80161,3.72624,3.71331,0.0201865,0.0221629,21.0701,24.8873,56.404,43.1914
0.327707,-0.243072,2.50016,-0.000717127,0.0676027,-0.639654,3.73172,3.69908,3.73221,3.7953,3.73065,3.71816,0.0201688,0.0227078,21.0558,36.0488,43.0209,31.5832
0.322212,-0.220709,2.50327,0.0122204,0.0600678,-0.629027,3.74215,3.6975,3.72756,3.79378,3.73951,3.72945,0.0203336,0.0233787,21.0773,44.0102,27.5669,20.2432
0.314625,-0.20344,2.50484,0.0205092,0.0526375,-0.621393,3.75414,3.70018,3.72652,3.7941,3.74761,3.74106,0.0205612,0.0238968,21.1089,47.7937,14.0888,12.4213
0.298075,-0.177237,2.50607,0.0308413,0.0390819,-0.609915,3.78171,3.71508,3.73579,3.80375,3.76715,3.76635,0.0210578,0.0246829,21.2087,50.1461,-4.72065,0.945604
0.274918,-0.151113,2.50599,0.0385822,0.0225975,-0.597802,3.79214,3.71306,3.72725,3.79374,3.76624,3.77266,0.0217525,0.0254666,21.2042,49.0739,-24.2772,-10.8803
0.253043,-0.132513,2.50512,0.0423042,0.0083924,-0.58809,3.81665,3.72895,3.73819,3.80202,3.78028,3.79263,0.0224087,0.0260246,21.2922,45.5876,-38.2818,-20.2611
0.234346,-0.119926,2.50413,0.0436306,-0.00299033,-0.580477,3.82871,3.73586,3.74217,3.80306,3.78418,3.80046,0.0229696,0.0264022,21.3258,41.3729,-46.5182,-27.5893
0.202606,-0.104272,2.50206,0.042818,-0.0209468,-0.568308,3.84774,3.74706,3.74784,3.80262,3.788,3.81181,0.0239218,0.0268718,21.3734,32.2339,-60.4627,-38.8567
0.170748,-0.0952828,2.49983,0.0384742,-0.0375611,-0.556386,3.86039,3.75483,3.75193,3.7993,3.78631,3.81613,0.0248776,0.0271415,21.3958,21.1435,-69.4363,-49.9187
0.147871,-0.093293,2.49827,0.0329425,-0.0488147,-0.547572,3.86672,3.75915,3.75426,3.79515,3.78206,3.81578,0.0255639,0.0272012,21.3997,11.4496,-73.7607,-57.9719
0.12459,-0.0961577,2.49689,0.0246943,-0.0595624,-0.537858,3.86797,3.76045,3.7552,3.78869,3.77365,3.80992,0.0262623,0.0271153,21.3835,0.581828,-74.2657,-66.4102
0.102897,-0.105982,2.49603,0.013241,-0.0685696,-0.527043,3.85953,3.75419,3.75104,3.77508,3.75646,3.79302,0.0269131,0.0268205,21.321,-12.1344,-70.0683,-78.6688
0.0921531,-0.116405,2.49597,0.00458978,-0.0723446,-0.519864,3.85998,3.75981,3.75721,3.77603,3.75182,3.78931,0.0272354,0.0265078,21.3255,-21.7053,-64.3105,-77.1187
0.0838846,-0.135115,2.49654,-0.00784764,-0.0741,-0.510171,3.85733,3.76239,3.76563,3.77735,3.74814,3.78145,0.0274835,0.0259465,21.3238,-29.6534,-53.091,-87.7777
0.0842458,-0.157353,2.49757,-0.0197067,-0.0718253,-0.500856,3.83778,3.75045,3.76018,3.76617,3.73051,3.75843,0.0274726,0.0252794,21.2404,-36.226,-38.72,-93.9484
0.0892139,-0.172791,2.49841,-0.0266041,-0.0683817,-0.49504,3.83167,3.74831,3.76147,3.76459,3.72616,3.75101,0.0273236,0.0248163,21.2213,-38.9824,-31.3824,-97.4068
0.102879,-0.195674,2.4997,-0.0351356,-0.0610361,-0.486877,3.82188,3.74719,3.7686,3.76875,3.72402,3.74057,0.0269136,0.0241298,21.2098,-40.7978,-13.9155,-102.002
0.122889,-0.217296,2.50065,-0.0414129,-0.0517685,-0.479303,3.82655,3.75894,3.78736,3.78584,3.73688,3.74575,0.0263133,0.0234811,21.2759,-40.4539,0.500896,-105.975
0.151319,-0.239055,2.50105,-0.0458123,-0.0397839,-0.471457,3.81659,3.75616,3.792,3.78993,3.73739,3.73745,0.0254604,0.0228283,21.2648,-38.0018,15.4582,-109.839
0.18711,-0.258736,2.50068,-0.0475982,-0.0260173,-0.463757,3.80776,3.75355,3.79626,3.79507,3.74045,3.7315,0.0243867,0.0222379,21.2601,-33.1648,28.8594,-113.179
0.218765,-0.271514,2.49993,-0.0469854,-0.0147705,-0.458075,3.81515,3.76502,3.81258,3.813,3.75771,3.74178,0.023437,0.0218546,21.3359,-28.0216,38.0488,-115.452
0.255781,-0.282337,2.49861,-0.044368,-0.00258453,-0.452299,3.81694,3.77067,3.82307,3.82601,3.77065,3.74719,0.0223266,0.0215299,21.3823,-21.3937,47.0782,-117.461
0.302377,-0.290756,2.49633,-0.0387169,0.011365,-0.445974,3.82051,3.77663,3.83214,3.83844,3.78521,3.75498,0.0209287,0.0212773,21.4324,-13.4566,52.7021,-119.271
0.336317,-0.293622,2.49445,-0.0331034,0.0206045,-0.441867,3.82073,3.7775,3.83518,3.84531,3.79456,3.75932,0.0199105,0.0211914,21.4556,-5.49872,55.6635,-120.209
0.384953,-0.293131,2.49171,-0.0228985,0.0323613,-0.43656,3.81888,3.77563,3.83448,3.84979,3.8033,3.7626,0.0184514,0.0212061,21.467,4.59937,56.9724,-120.726
0.413042,-0.290316,2.49023,-0.0157783,0.0382495,-0.433752,3.81629,3.77221,3.83092,3.84954,3.8062,3.76303,0.0176087,0.0212905,21.4609,10.6734,56.0504,-120.698
0.449622,-0.283592,2.48861,-0.00496198,0.0447024,-0.430324,3.81087,3.76436,3.82203,3.84598,3.80794,3.76227,0.0165113,0.0214922,21.4376,20.0039,52.5793,-119.999
0.481264,-0.274465,2.48771,0.00616832,0.0487641,-0.427515,3.79912,3.75011,3.80473,3.83204,3.79881,3.75296,0.0155621,0.0217661,21.3665,25.1349,46.9357,-118.82
0.500078,-0.267143,2.48759,0.013951,0.0501525,-0.42588,3.79359,3.76409,3.7943,3.82426,3.81665,3.74933,0,0.0219857,21.3707,29.0655,41.924,-117.609
0.524008,-0.254713,2.48833,0.0259259,0.0498757,-0.423761,3.7966,3.76153,3.78779,3.82135,3.81868,3.75467,0,0.0223586,21.3692,33.8927,32.0717,-115.24
0.537259,-0.244887,2.48977,0.0348699,0.0473811,-0.422462,3.77702,3.73693,3.7584,3.79414,3.796,3.73629,0,0.0226534,21.2359,36.2023,21.7445,-112.666
0.544009,-0.236904,2.49205,0.042165,0.0432792,-0.421593,3.76487,3.72285,3.73861,3.77704,3.78043,3.72602,0,0.0228929,21.1523,36.7144,13.7177,-102.007
0.545108,-0.231354,2.49507,0.0476616,0.0381293,-0.421101,3.75639,3.71065,3.7223,3.76034,3.76716,3.71658,0,0.0230594,21.0805,35.601,5.35905,-102.499
0.542865,-0.229021,2.4975,0.0505444,0.0339484,-0.420956,3.75272,3.70468,3.71331,3.75066,3.75966,3.71199,0,0.0231294,21.0425,34.0959,-0.411841,-102.644
0.532452,-0.22891,2.50218,0.0536227,0.0252401,-0.421111,3.75265,3.70123,3.70419,3.73935,3.75173,3.70972,0,0.0231327,21.0105,29.833,-10.4329,-102.489
0.518775,-0.233427,2.50553,0.0538674,0.0176236,-0.421667,3.75896,3.70546,3.70386,3.73663,3.75131,3.71409,0,0.0229972,21.0212,25.472,-18.0472,-101.933
0.503463,-0.241114,2.50781,0.0524328,0.0106909,-0.422501,3.76862,3.71641,3.70867,3.73911,3.75288,3.7222,0,0.0227666,21.0565,18.2237,-23.8565,-92.2616
0.482498,-0.254656,2.50936,0.0489127,0.00268202,-0.423916,3.80045,3.72419,3.73529,3.76533,3.75846,3.755,0.0155251,0.0223603,21.1795,17.0002,-30.3804,-87.3639
0.462826,-0.269986,2.50964,0.0445143,-0.00376714,-0.425502,3.80079,3.72663,3.73612,3.7624,3.75248,3.75313,0.0161152,0.0219004,21.1727,9.70129,-30.7004,-83.0562
0.444902,-0.286034,2.50918,0.0397907,-0.00894982,-0.427154,3.80341,3.72913,3.73605,3.75966,3.7491,3.75472,0.0166529,0.021419,21.1732,4.75778,-34.5923,-79.2288
0.417595,-0.314504,2.50764,0.0311819,-0.0157813,-0.430089,3.8276,3.75509,3.7599,3.77924,3.76595,3.77751,0.0174721,0.0205649,21.2984,-2.88668,-36.5608,-73.1845
0.392723,-0.345209,2.50525,0.0217904,-0.0210529,-0.433296,3.84261,3.77237,3.77579,3.791,3.77481,3.79151,0.0182183,0.0196437,21.3762,-9.91995,-37.3149,-67.4061
0.376731,-0.367894,2.50313,0.0148559,-0.0239165,-0.43571,3.84985,3.78177,3.78489,3.79741,3.77881,3.79836,0.0186981,0.0189632,21.4166,-14.3691,-36.5296,-63.336
0.355195,-0.403342,2.49977,0.0041511,-0.0269588,-0.43958,3.85592,3.79182,3.79457,3.8025,3.77983,3.80342,0.0193441,0.0178997,21.4514,-21.9348,-34.5112,-57.3107
0.336835,-0.440246,2.49654,-0.00674335,-0.0285304,-0.443767,3.85617,3.79598,3.79994,3.80517,3.77885,3.80471,0.019895,0.0167926,21.4634,-25.7579,-30.9032,-51.188
0.326547,-0.465544,2.49457,-0.0140584,-0.028739,-0.446763,3.85415,3.79715,3.80198,3.80511,3.77597,3.80315,0.0202036,0.0160337,21.4602,-28.8666,-27.8283,-46.9402
0.314673,-0.503612,2.49212,-0.024691,-0.027787,-0.451525,3.83508,3.79579,3.81515,3.79063,3.76981,3.81056,0.0205598,-0,21.441,-32.3165,-22.0886,-40.5742
0.308791,-0.532586,2.49075,-0.0324757,-0.0259953,-0.455431,3.82848,3.79268,3.81308,3.78845,3.76361,3.80385,0.0207363,-0,21.4157,-34.369,-17.0656,-35.5106
0.306075,-0.563181,2.48989,-0.0403648,-0.022965,-0.459956,3.81286,3.78135,3.80335,3.77906,3.7497,3.78857,0.0208178,-0,21.345,-35.7955,-10.5393,-29.7915
0.307873,-0.592588,2.48977,-0.0475619,-0.0187103,-0.464926,3.81063,3.78319,3.80663,3.78331,3.75004,3.78731,0.0207638,-0,21.3509,-36.1353,-4.43074,-23.7435
0.311305,-0.608252,2.49008,-0.0511663,-0.0157174,-0.467981,3.80821,3.78332,3.80797,3.78562,3.75011,3.78587,0.0206609,-0,21.3508,-35.5536,-0.269457,-20.187
0.319809,-0.628511,2.49098,-0.0554291,-0.0107228,-0.472697,3.79003,3.76882,3.79521,3.77476,3.73631,3.76958,0.0204057,-0,21.2697,-33.8919,5.74275,-14.755
0.331973,-0.643809,2.49245,-0.0580648,-0.00541941,-0.47746,3.77705,3.75928,3.78743,3.76939,3.72856,3.75902,0.0200408,-0,21.2189,-31.1992,11.5001,-9.40614
0.348046,-0.653999,2.4946,-0.0589857,0.000271611,-0.482453,3.76367,3.74919,3.77916,3.76417,3.72146,3.74867,0.0195586,-0,21.1678,-27.3418,17.178,-3.9703
0.367818,-0.658152,2.49713,-0.0579416,0.00614427,-0.487683,3.75335,3.74137,3.77378,3.76358,3.72011,3.74315,0.0189654,-0,21.1387,-20.1384,22.644,1.52137
0.386742,-0.656447,2.49923,-0.0554463,0.010952,-0.492206,3.74965,3.74087,3.77351,3.76464,3.71962,3.74077,0.0183978,-0,21.1328,-19.2711,26.4485,6.14926
0.40783,-0.649589,2.50107,-0.0513619,0.015539,-0.496954,3.74803,3.74048,3.77448,3.77028,3.7259,3.74384,0.0177651,-0,21.1459,-12.0201,29.3113,10.8754
0.428863,-0.638336,2.50231,-0.0461644,0.0193532,-0.50154,3.76189,3.75543,3.79003,3.78969,3.74606,3.76156,0.0171341,-0,21.2414,-6.20798,31.1817,15.3114
0.451916,-0.621353,2.50296,-0.0391603,0.0226604,-0.506526,3.75711,3.75122,3.78607,3.7901,3.74791,3.76113,0.0164425,-0,21.231,0.458579,32.1069,19.9722
0.475479,-0.599014,2.50296,-0.0306504,0.0250324,-0.5117,3.75367,3.74784,3.78251,3.79101,3.75084,3.76218,0.0157356,-0,21.2258,7.36403,31.9667,24.6398
0.494747,-0.57677,2.50264,-0.0226119,0.0261101,-0.516079,3.7512,3.74629,3.77887,3.7925,3.75309,3.76483,0.0151576,-0,21.2246,13.0738,30.668,35.9905
0.515877,-0.547692,2.50181,-0.0125205,0.0262039,-0.521153,3.75635,3.77061,3.78161,3.79838,3.78412,3.77311,0,-0,21.2974,19.3745,28.0069,35.2244
0.531553,-0.522307,2.50074,-0.00402838,0.0253148,-0.525197,3.76255,3.77368,3.78506,3.80479,3.79367,3.78229,0,-0,21.3329,25.4195,24.9403,34.2868
0.547347,-0.492421,2.49915,0.00565375,0.0232903,-0.529648,3.78207,3.7774,3.77501,3.82184,3.8008,3.77749,0,0.0152274,21.3635,28.4988,20.6652,33.1481
0.561644,-0.459893,2.49733,0.0157808,0.0200095,-0.534257,3.78637,3.77916,3.77258,3.82478,3.80464,3.78387,0,0.0162032,21.3793,32.2074,15.033,42.6099
0.572486,-0.429406,2.49571,0.0249069,0.0158731,-0.538491,3.7895,3.77785,3.76717,3.82298,3.80573,3.78751,0,0.0171178,21.3787,35.0633,7.28465,45.6416
0.579848,-0.402936,2.49454,0.032625,0.0113499,-0.542209,3.78807,3.77487,3.76254,3.82099,3.80396,3.78605,0,0.0179119,21.3653,36.6693,5.20879,48.0811
0.583529,-0.385603,2.49396,0.0375647,0.00784043,-0.544717,3.77785,3.76366,3.74999,3.80982,3.7929,3.77546,0,0.0184319,21.3025,37.0902,3.5982,49.5841
0.586841,-0.361203,2.49359,0.0443076,0.00197447,-0.548482,3.78455,3.76558,3.74612,3.80737,3.79399,3.78111,0,0.0191639,21.311,36.678,-6.74343,51.7191
0.587229,-0.341463,2.49393,0.0495064,-0.00416967,-0.551974,3.7873,3.76687,3.7446,3.80647,3.79355,3.78247,0,0.0197561,21.3134,35.3265,-10.3598,53.4076
0.584618,-0.325958,2.49508,0.0532709,-0.0111362,-0.555543,3.77475,3.75138,3.72391,3.78519,3.77443,3.76777,0,0.0202213,21.2158,32.1235,-18.5247,54.944
0.581744,-0.320257,2.49626,0.0544471,-0.0151626,-0.557541,3.76878,3.74455,3.7146,3.775,3.76481,3.76033,0,0.0203923,21.1695,29.5898,-21.8964,55.7426
0.576449,-0.317125,2.49857,0.0547024,-0.0203896,-0.560149,3.75995,3.73523,3.70215,3.76056,3.7507,3.7492,0,0.0204863,21.1034,25.1489,-25.729,56.6176
0.568099,-0.321489,2.50219,0.0526926,-0.0260944,-0.563224,3.75359,3.72931,3.69278,3.74758,3.7375,3.73966,0,0.0203553,21.0495,18.314,-29.3102,57.4749
0.562954,-0.328085,2.50427,0.0504166,-0.0286983,-0.564834,3.75335,3.72991,3.69171,3.74387,3.73328,3.73745,0,0.0201575,21.0393,13.7525,-30.6022,57.8415
0.5548,-0.344086,2.5071,0.0453479,-0.0316913,-0.567175,3.75817,3.73679,3.69672,3.74438,3.73255,3.7394,0,0.0196774,21.0566,6.53334,-31.2918,58.2731
0.547813,-0.363934,2.5088,0.039453,-0.0331145,-0.569096,3.76682,3.74808,3.70709,3.75031,3.73684,3.74562,0,0.019082,21.1006,-0.152675,-30.5095,58.5152
0.540838,-0.391765,2.50953,0.0315525,-0.0331788,-0.571047,3.7801,3.76516,3.724,3.76192,3.74606,3.75641,0,0.0182471,21.1747,-7.67474,-28.0394,58.6256
0.536122,-0.418447,2.50917,0.0243084,-0.0319731,-0.572479,3.77915,3.76781,3.72728,3.76082,3.74271,3.75379,0,0.0174466,21.1727,-13.4469,-24.8419,58.5439
0.532561,-0.447944,2.50802,0.0166115,-0.0296281,-0.573737,3.79825,3.79084,3.75156,3.78076,3.76021,3.77154,0,0.0165617,21.287,-18.8013,-20.7673,58.2809
0.53002,-0.486684,2.50577,0.00697123,-0.0252977,-0.575011,3.80804,3.80596,3.77157,3.7945,3.77059,3.77898,0,0.0153995,21.3589,-24.5949,-11.6098,51.4107
0.529495,-0.515575,2.50362,9.30416e-05,-0.0212809,-0.575731,3.80323,3.81603,3.79442,3.78964,3.77683,3.79845,0,-0,21.4049,-28.1483,-9.76643,52.1311
0.530676,-0.558126,2.50019,-0.00953758,-0.0142885,-0.576481,3.80755,3.82458,3.80503,3.79851,3.78148,3.80103,0,-0,21.4421,-31.7577,-2.79231,52.8809
0.533759,-0.597192,2.49706,-0.0177821,-0.00689172,-0.576877,3.80696,3.8279,3.81097,3.80339,3.78245,3.79938,0,-0,21.4542,-33.93,4.44357,53.2765
0.538357,-0.633076,2.49443,-0.0248292,0.000869992,-0.576978,3.80299,3.8272,3.81298,3.8049,3.78069,3.79492,0,-0,21.4472,-34.9304,11.0629,53.3782
0.544251,-0.666185,2.49238,-0.0307442,0.00893931,-0.576811,3.79574,3.8229,3.81195,3.80409,3.77693,3.78789,0,-0,21.4245,-34.4503,17.9574,53.2112
0.54969,-0.690243,2.49127,-0.0345549,0.0154458,-0.576492,3.78837,3.81725,3.80888,3.80171,3.77283,3.7812,0,-0,21.397,-33.014,22.7368,52.8922
0.554918,-0.709541,2.49071,-0.0371836,0.0211797,-0.576071,3.77506,3.80501,3.79897,3.7928,3.76285,3.7689,0,-0,21.3344,-30.9237,26.491,52.4714
0.562723,-0.733107,2.49071,-0.039547,0.0290546,-0.575247,3.77308,3.80394,3.80121,3.79698,3.76612,3.76886,0,-0,21.3406,-26.9073,31.1804,51.6474
0.569807,-0.749777,2.49164,-0.040077,0.0356998,-0.574252,3.7554,3.78466,3.78641,3.78309,3.75384,3.75209,0,-0,21.2516,-21.8402,34.3652,42.5451
0.5742,-0.757729,2.49281,-0.0394119,0.0396541,-0.573447,3.74529,3.77366,3.77747,3.77596,3.74758,3.74378,0,-0,21.203,-17.6546,35.6696,40.5544
0.579146,-0.763526,2.49533,-0.0370988,0.0439874,-0.572178,3.72966,3.75633,3.76198,3.76242,3.73574,3.7301,0,-0,21.1207,-12.8942,35.8223,37.7543
0.582084,-0.762938,2.49868,-0.0333734,0.0465476,-0.5708,3.71552,3.73869,3.74617,3.75047,3.72731,3.71983,0,-0,21.0472,-4.53304,33.9707,35.1658
0.582494,-0.755561,2.5028,-0.0280866,0.0471253,-0.569216,3.70645,3.7255,3.73366,3.74121,3.72216,3.71401,0,-0,20.9955,2.70109,30.1533,32.4436
0.580275,-0.744114,2.50622,-0.0226944,0.045767,-0.567762,3.70609,3.72101,3.72898,3.73916,3.72423,3.71627,0,-0,20.9887,8.57638,25.3744,30.1453
0.575043,-0.727188,2.5092,-0.0163983,0.0424085,-0.56609,3.71298,3.72333,3.73054,3.74314,3.73279,3.72559,0,-0,21.0194,14.1228,19.4625,27.7038
0.570542,-0.715273,2.51043,-0.012591,0.0395471,-0.565044,3.71872,3.72749,3.7351,3.74883,3.74006,3.73246,0,-0,21.0516,16.8362,18.1493,26.1988
0.5581,-0.68729,2.51157,-0.00495374,0.0318194,-0.562743,3.74016,3.74071,3.74447,3.76086,3.76031,3.75655,0,-0,21.146,23.0282,4.78315,23.1857
0.549659,-0.670627,2.5114,-0.00106378,0.0266877,-0.561401,3.74247,3.73999,3.74158,3.75785,3.76033,3.75874,0,-0,21.144,23.4285,-0.984832,21.4404
0.535138,-0.644625,2.51024,0.00422455,0.0178859,-0.559271,3.7653,3.75839,3.7565,3.7722,3.77911,3.781,0,-0,21.2488,23.3049,-9.75396,18.7874
0.520757,-0.621253,2.50858,0.00814275,0.00936099,-0.557263,3.77764,3.76653,3.76228,3.77839,3.7895,3.79375,0,-0,21.301,25.0075,-17.0307,16.2764
0.504192,-0.596509,2.50621,0.01149,-0.000326866,-0.554976,3.78959,3.77496,3.76796,3.78321,3.79783,3.80484,0,-0,21.3483,24.3957,-23.9736,13.4218
0.487277,-0.573175,2.5037,0.0138597,-0.0100766,-0.552593,3.80425,3.76429,3.77709,3.79085,3.78583,3.81801,0.0153817,-0,21.3689,22.5884,-30.1017,10.5041
0.472005,-0.553528,2.50156,0.0150805,-0.0188044,-0.550331,3.8076,3.76505,3.77627,3.78817,3.78441,3.8195,0.0158399,-0,21.3695,20.0086,-34.7335,7.81055
0.455449,-0.533568,2.49959,0.0153012,-0.028281,-0.547644,3.80716,3.76244,3.77209,3.78135,3.77831,3.81642,0.0163365,-0,21.3477,16.0831,-38.8699,4.65532
0.441689,-0.517891,2.49848,0.0143395,-0.0363784,-0.545032,3.79493,3.74917,3.75787,3.76432,3.76111,3.80138,0.0167493,-0,21.2641,11.7666,-41.0791,1.69794
0.433031,-0.508351,2.49825,0.01286,-0.0417467,-0.543001,3.79756,3.75178,3.76007,3.76408,3.76014,3.80158,0.0170091,-0,21.2701,7.92029,-41.5624,-0.580861
0.42473,-0.49914,2.49885,0.00994841,-0.0475289,-0.54022,3.81111,3.75351,3.74952,3.77601,3.75779,3.78688,0.0172581,0.0150258,21.2698,3.4577,-40.1604,-3.52778
0.421772,-0.495326,2.49985,0.0073555,-0.0503879,-0.538231,3.79218,3.73628,3.73251,3.75636,3.73599,3.76492,0.0173468,0.0151402,21.1602,-1.27503,-37.8091,-5.50036
0.421878,-0.493798,2.50169,0.00410842,-0.0521788,-0.535987,3.77947,3.7264,3.72346,3.74419,3.72092,3.74893,0.0173437,0.0151861,21.0899,-6.64661,-33.6631,-7.60052
0.426166,-0.495227,2.50435,0.000734846,-0.0523351,-0.533685,3.7668,3.71672,3.71601,3.73517,3.70935,3.73483,0.017215,0.0151432,21.0293,-8.81598,-27.9586,-9.57608
0.435246,-0.499626,2.50732,-0.00250645,-0.0506835,-0.531328,3.76196,3.7131,3.71564,3.73195,3.70593,3.72759,0.0169426,0.0150112,21.0079,-10.3666,-23.2601,-19.1779
0.448357,-0.50624,2.50984,-0.00514298,-0.0474519,-0.529097,3.7479,3.7174,3.73556,3.72525,3.70736,3.73759,0.0165493,-0,21.0219,-13.0193,-13.6778,-18.5996
0.465543,-0.514754,2.51159,-0.00720322,-0.0427576,-0.526909,3.75216,3.72634,3.74679,3.73602,3.71496,3.74139,0.0160337,-0,21.0657,-14.1786,-5.9536,-17.8631
0.489188,-0.52599,2.51234,-0.0087388,-0.0359721,-0.524541,3.76158,3.74104,3.76407,3.75325,3.72899,3.75076,0.0153244,-0,21.1428,-14.6334,2.75393,-16.8539
0.507561,-0.534306,2.51209,-0.00927457,-0.0306617,-0.522989,3.75127,3.75561,3.75862,3.74809,3.74376,3.74074,0,-0,21.1413,-14.3222,8.14596,-16.2082
0.537445,-0.547132,2.51073,-0.00926125,-0.0221479,-0.520785,3.76879,3.77631,3.78287,3.77321,3.76569,3.75913,0,-0,21.2615,-12.9873,15.6065,-15.3093
0.568623,-0.559698,2.50853,-0.00832956,-0.0134736,-0.518756,3.7775,3.78767,3.79753,3.78894,3.77878,3.76891,0,-0,21.3304,-11.1809,22.2015,-14.5614
0.596261,-0.570223,2.50606,-0.00682969,-0.00590638,-0.517105,3.78308,3.79498,3.80748,3.80014,3.78824,3.77574,0,-0,21.3777,-9.01267,27.0467,-13.9655
0.623022,-0.579934,2.50353,-0.00483097,0.00125667,-0.515596,3.78495,3.79729,3.81223,3.80717,3.79483,3.7799,0,-0,21.4028,-4.80855,30.2339,-13.4406
0.656664,-0.59158,2.50042,-0.00158738,0.00996063,-0.513776,3.78371,3.79672,3.81461,3.81217,3.79916,3.78127,0,-0,21.4134,-0,34.2496,-12.8668
0.68769,-0.601912,2.49784,0.00213491,0.0176278,-0.512127,3.7822,3.79396,3.81475,3.81024,3.79848,3.77768,0,-0,21.4037,-0,36.0824,-23.8456
0.711271,-0.609644,2.4962,0.00541214,0.0231793,-0.510854,3.77815,3.78934,3.8109,3.80719,3.79599,3.77444,0,-0,21.3837,1.88106,36.2964,-24.753
0.739171,-0.618929,2.49483,0.00981879,0.02929,-0.509273,3.76086,3.77018,3.79259,3.79107,3.78175,3.75935,0,-0,21.2895,6.42982,35.1612,-25.6867
0.758918,-0.625924,2.49444,0.0134859,0.0331653,-0.508066,3.76231,3.76989,3.79222,3.79206,3.78448,3.76216,0,-0,21.2964,9.23904,33.1437,-26.224
0.775773,-0.632695,2.49476,0.0172191,0.0359713,-0.506905,3.7632,3.7686,3.79025,3.79136,3.78596,3.76431,0,-0,21.2969,11.8211,29.9816,-26.658
0.789315,-0.639644,2.49574,0.0208821,0.0375588,-0.505754,3.74883,3.75158,3.77173,3.7738,3.77105,3.7509,0,-0,21.2069,13.7821,25.3766,-26.946
0.795786,-0.64446,2.49688,0.0230883,0.0377904,-0.505003,3.74233,3.74314,3.76186,3.76438,3.76357,3.74486,0,-0,21.162,14.693,21.6429,-27.0681
0.800739,-0.652228,2.49947,0.0257337,0.0367428,-0.503913,3.73095,3.73086,3.74616,3.75036,3.75044,3.73514,0,-0,21.0904,15.2163,16.8623,-19.6873
0.800004,-0.659105,2.50211,0.0270056,0.0346785,-0.503093,3.72683,3.72325,3.73515,3.73898,3.74256,3.73066,0,-0,21.0467,14.8125,9.2191,-20.5068
0.794477,-0.667196,2.5051,0.027311,0.0313753,-0.502295,3.72608,3.71972,3.72851,3.73155,3.73791,3.72912,0,-0,21.0236,13.5877,2.69947,-21.3054
0.786615,-0.674434,2.50732,0.0266967,0.0279918,-0.501699,3.73022,3.7226,3.72811,3.72879,3.73641,3.73091,0,-0,21.0275,9.27878,-2.34792,-21.9011
0.773862,-0.683848,2.50937,0.0249626,0.0234465,-0.501067,3.73759,3.72756,3.73058,3.73083,3.74087,3.73784,0,-0,21.0541,8.67607,-7.7712,-22.5326
0.758569,-0.693825,2.51059,0.0223272,0.0187318,-0.500547,3.75735,3.74542,3.74628,3.74595,3.75788,3.75702,0,-0,21.1524,7.76012,-12.2661,-23.0528
0.74458,-0.70245,2.51098,0.0196421,0.0148416,-0.5002,3.75794,3.74482,3.74413,3.74325,3.75637,3.75707,0,-0,21.1464,6.82688,-15.3155,-23.4002
0.725409,-0.713979,2.51083,0.0155825,0.0100051,-0.499859,3.76073,3.74761,3.74396,3.73995,3.75308,3.75672,0,-0,21.145,0.934372,-18.5918,-23.741
0.705782,-0.725713,2.51027,0.0109702,0.00552289,-0.499635,3.7634,3.74997,3.74421,3.73825,3.75169,3.75745,0,-0,21.1477,-2.71295,-21.277,-23.9653
0.681287,-0.740502,2.50908,0.00454291,0.000459437,-0.4995,3.78317,3.77023,3.76191,3.75283,3.76577,3.77409,0,-0,21.2446,-8.6721,-23.5629,-24.1001
0.656876,-0.755548,2.5073,-0.00245824,-0.0040082,-0.499512,3.79202,3.78008,3.77187,3.7619,3.77384,3.78205,0,-0,21.2951,-10.3744,-22.3309,-24.0885
0.638999,-0.766814,2.50565,-0.00792801,-0.0068835,-0.499614,3.79726,3.78567,3.77595,3.76418,3.77578,3.78549,0,-0,21.3163,-13.8575,-23.6196,-23.9857
0.619893,-0.779102,2.50386,-0.014041,-0.00953043,-0.499823,3.79776,3.7874,3.77748,3.7644,3.77476,3.78468,0,-0,21.3183,-16.4538,-22.4851,-23.7767
0.603204,-0.790032,2.50247,-0.0196755,-0.011453,-0.50011,3.79489,3.78593,3.77625,3.76217,3.77113,3.78081,0,-0,21.304,-18.4798,-20.6603,-23.4902
0.588517,-0.799756,2.50155,-0.024892,-0.0127113,-0.500471,3.7809,3.77355,3.76458,3.7498,3.75715,3.76613,0,-0,21.2296,-19.9519,-18.0947,-23.1286
0.574756,-0.808825,2.50119,-0.0300573,-0.0133354,-0.500959,3.78064,3.7752,3.76747,3.75231,3.75775,3.76548,0,-0,21.236,-20.8734,-14.6017,-22.6413
0.564207,-0.81548,2.50155,-0.0342709,-0.0131633,-0.501524,3.77869,3.77521,3.76923,3.75416,3.75764,3.76362,0,-0,21.2357,-20.8894,-10.4806,-22.0762
0.557235,-0.819239,2.50246,-0.0372477,-0.0123366,-0.502138,3.76092,3.75951,3.75582,3.74132,3.74273,3.74643,0,-0,21.1494,-20.015,-5.66164,-21.462
0.553705,-0.820167,2.50383,-0.0388776,-0.0111795,-0.50274,3.75064,3.74919,3.74602,3.73244,3.73389,3.73707,0,-0,21.0954,-18.4775,-5.13061,-20.8596
0.552614,-0.818457,2.50592,-0.0395021,-0.00960559,-0.503462,3.73741,3.73759,3.73826,3.72729,3.72711,3.72645,0,-0,21.0436,-13.7295,0.935441,-20.1377
0.553607,-0.815214,2.50772,-0.0391738,-0.0082629,-0.504061,3.73184,3.73334,3.73514,3.72435,3.72286,3.72105,0,-0,21.0196,-13.6154,3.6571,-19.5395
0.557518,-0.80773,2.51023,-0.037566,-0.00615784,-0.504984,3.72855,3.73166,3.73503,3.7247,3.72159,3.71822,0,-0,21.0113,-13.0566,7.18051,-18.6155
0.565206,-0.795116,2.51254,-0.0342494,-0.00369798,-0.50616,3.72797,3.73336,3.73892,3.73376,3.72836,3.7228,0,-0,21.0352,-6.50227,12.144,-9.36597
0.571704,-0.784846,2.5135,-0.0312638,-0.00218355,-0.506985,3.7431,3.74839,3.75502,3.75178,3.74649,3.73987,0,-0,21.1287,-3.28832,13.2049,-8.03125
0.580789,-0.770536,2.51401,-0.0268166,-0.000560657,-0.508043,3.74035,3.74514,3.75281,3.752,3.74721,3.73954,0,-0,21.1215,0.806347,13.8158,-6.49458
0.590961,-0.754352,2.51386,-0.0216381,0.000696415,-0.509151,3.73896,3.74294,3.75135,3.7529,3.74893,3.74052,0,-0,21.1201,4.82701,13.7251,-5.05906
0.604697,-0.732058,2.5131,-0.014332,0.00169128,-0.510595,3.73838,3.74121,3.75038,3.75485,3.75202,3.74285,0,-0,21.124,9.77328,13.2976,-3.2815
0.615627,-0.713912,2.51205,-0.00826653,0.00200417,-0.511737,3.75564,3.7575,3.76703,3.77358,3.77172,3.76219,0,-0,21.2255,13.2892,12.6251,-1.95069
0.6285,-0.692084,2.51027,-0.000873178,0.00188331,-0.513102,3.76433,3.76486,3.77447,3.78332,3.78279,3.77318,0,-0,21.2774,17.1375,11.2421,-0.429469
0.638302,-0.675165,2.50856,0.00489955,0.00143955,-0.514171,3.7686,3.77054,3.77776,3.78877,3.78683,3.77962,0,-0,21.3048,17.4756,10.1473,10.1024
0.650344,-0.654116,2.50636,0.0121292,0.000444868,-0.515543,3.77029,3.77027,3.77763,3.79075,3.79077,3.78341,0,-0,21.3152,21.515,8.14186,10.1035
0.661481,-0.634565,2.50447,0.0189186,-0.000973347,-0.51689,3.76895,3.76756,3.77456,3.78854,3.78994,3.78293,0,-0,21.3052,23.2651,6.21692,9.82106
0.671482,-0.617244,2.50314,0.0251173,-0.00275125,-0.518175,3.75359,3.75096,3.75737,3.77174,3.77437,3.76796,0,-0,21.2145,24.1733,4.19126,9.39782
0.679589,-0.603791,2.50251,0.0300776,-0.00464386,-0.519309,3.75702,3.75244,3.75702,3.77131,3.77589,3.77131,0,-0,21.2229,24.147,-0,9.02138
0.684699,-0.595924,2.50242,0.0330887,-0.00611429,-0.520092,3.75895,3.75318,3.75642,3.77041,3.77618,3.77294,0,-0,21.2259,23.668,-2.80603,8.75933
0.692058,-0.58643,2.50276,0.0370199,-0.00872271,-0.521383,3.7601,3.75419,3.75649,3.76941,3.77531,3.77302,0,-0,21.2263,21.7851,-4.0031,8.3073
0.696378,-0.583008,2.5035,0.0388174,-0.010571,-0.522303,3.74726,3.74149,3.74289,3.75461,3.76039,3.75899,0,-0,21.1484,19.5974,-4.85135,8.00945
0.700059,-0.583016,2.5049,0.0396205,-0.0123751,-0.523276,3.74163,3.7325,3.73204,3.74071,3.74984,3.7503,0,-0,21.0933,16.6486,-10.623,0
0.703079,-0.587746,2.50711,0.0390964,-0.0140988,-0.524338,3.73477,3.7254,3.72311,3.73019,3.73956,3.74185,0,-0,21.0443,13.5885,-12.9318,0
0.704781,-0.594934,2.509,0.0376671,-0.0151843,-0.525161,3.73374,3.72489,3.72102,3.72599,3.73484,3.73871,0,-0,21.0295,9.54657,-14.0952,0
0.706132,-0.606133,2.51086,0.0351605,-0.0159266,-0.526073,3.73637,3.72837,3.72325,3.72614,3.73414,3.73926,0,-0,21.0374,5.5417,-14.5454,0
0.707164,-0.621293,2.51228,0.0315844,-0.0161054,-0.527044,3.7427,3.73595,3.7298,3.73041,3.73717,3.74331,0,-0,21.0673,1.17406,-14.3022,0
0.708098,-0.642076,2.51299,0.0265803,-0.0155135,-0.528154,3.75512,3.75008,3.74312,3.74119,3.74623,3.75319,0,-0,21.1327,-3.69909,-13.2966,0
0.708925,-0.663537,2.51281,0.0214076,-0.0142482,-0.52916,3.75518,3.75198,3.7447,3.74062,3.74382,3.7511,0,-0,21.1312,-7.83718,-11.6153,0
0.709725,-0.683281,2.51211,0.0166794,-0.0126457,-0.53001,3.76862,3.76719,3.75998,3.75418,3.75561,3.76283,0,-0,21.2074,-11.1159,-9.5815,0
0.711116,-0.712436,2.51053,0.00979856,-0.00967254,-0.531181,3.77695,3.77889,3.77294,3.76505,3.76311,3.76906,0,-0,21.2615,-15.1449,-4.43901,0
0.712455,-0.73546,2.50889,0.00446672,-0.00687657,-0.532059,3.78345,3.78705,3.78061,3.77056,3.76696,3.77341,0,-0,21.2953,-19.2872,-3.15586,0
0.714627,-0.766152,2.5065,-0.00248321,-0.00262695,-0.533192,3.78684,3.79192,3.78684,3.77666,3.77158,3.77666,0,-0,21.3221,-19.5318,-0,0
0.716477,-0.788066,2.50479,-0.00728631,0.000711563,-0.533993,3.78765,3.79523,3.78766,3.77841,3.77083,3.77841,0,-0,21.3293,-21.531,-0,10.3928
0.719242,-0.816109,2.50276,-0.0131604,0.00540974,-0.535032,3.78408,3.79516,3.79018,3.78062,3.76953,3.77452,0,-0,21.3255,-22.5206,6.76319,11.4321
0.721899,-0.839347,2.50135,-0.0178132,0.00973061,-0.535926,3.77985,3.79272,3.78905,3.77951,3.76665,3.77032,0,-0,21.3104,-22.7873,10.1919,12.3258
0.724702,-0.861059,2.50038,-0.0219131,0.0142524,-0.536794,3.76551,3.77977,3.77748,3.76843,3.75417,3.75646,0,-0,21.2388,-22.1739,13.2728,13.1941
0.727068,-0.877715,2.5,-0.0248143,0.0180535,-0.537513,3.76513,3.78025,3.7792,3.77094,3.75581,3.75686,0,-0,21.2448,-20.9258,15.6018,13.9132
0.729341,-0.892691,2.50009,-0.027118,0.0218026,-0.538248,3.76402,3.77961,3.77982,3.77277,3.75719,3.75698,0,-0,21.2468,-18.8575,17.5083,14.6483
0.730935,-0.902918,2.50051,-0.0283791,0.0246485,-0.538861,3.76258,3.77822,3.77944,3.77369,3.75805,3.75684,0,-0,21.2453,-16.589,18.6782,15.2609
0.732111,-0.910969,2.50147,-0.0289358,0.0272345,-0.539524,3.74497,3.76019,3.76233,3.75832,3.7431,3.74095,0,-0,21.1523,-13.5031,19.2435,15.9238
0.73239,-0.915452,2.5035,-0.0284013,0.0292684,-0.540277,3.7304,3.74469,3.74751,3.74553,3.73124,3.72842,0,-0,21.0752,-9.87123,18.9582,16.6774
0.731817,-0.915367,2.50532,-0.0274234,0.0298858,-0.540732,3.72174,3.73487,3.73815,3.73803,3.72489,3.72162,0,-0,21.0297,-6.46693,18.1885,17.1319
0.730076,-0.911913,2.508,-0.0254646,0.0298734,-0.541302,3.71659,3.72684,3.72896,3.73089,3.72064,3.71852,0,-0,20.995,-2.73149,13.7098,17.7017
0.726265,-0.902697,2.51118,-0.0221266,0.0285494,-0.541957,3.71491,3.72381,3.72673,3.73119,3.72229,3.71937,0,-0,20.9911,1.88353,13.1022,18.357
0.722623,-0.893652,2.51292,-0.0193957,0.0268563,-0.542361,3.71785,3.72573,3.72897,3.73502,3.72715,3.7239,0,-0,21.0102,4.77583,12.3251,18.7613
0.718138,-0.882629,2.51415,-0.0163877,0.0246005,-0.542727,3.72339,3.73018,3.73357,3.74104,3.73424,3.73085,0,-0,21.0428,7.37415,11.2899,19.1267
0.710351,-0.864013,2.5149,-0.0118301,0.020419,-0.54317,3.73792,3.74076,3.74179,3.7511,3.74826,3.74723,0,-0,21.1121,10.7574,4.29289,19.5701
0.703073,-0.847231,2.51465,-0.00809569,0.0162686,-0.543448,3.73911,3.73949,3.73921,3.74984,3.74946,3.74974,0,-0,21.1119,13.1855,0.110814,19.8479
0.694682,-0.828543,2.5137,-0.00424378,0.0112461,-0.543655,3.75584,3.7534,3.75202,3.76446,3.76689,3.76828,0,-0,21.2003,16.5975,-4.23478,20.0555
0.684961,-0.807643,2.51213,-0.000298277,0.00529824,-0.543777,3.76625,3.76186,3.7584,3.77081,3.7752,3.77866,0,-0,21.2475,16.4808,-8.70452,20.1768
0.675279,-0.78749,2.51017,0.00314404,-0.000757579,-0.54379,3.77437,3.76836,3.76292,3.77498,3.78099,3.78643,0,-0,21.2822,15.8009,-12.6883,20.1902
0.66711,-0.770898,2.50847,0.00565644,-0.00596785,-0.543724,3.77745,3.76962,3.76285,3.77535,3.78319,3.78996,0,-0,21.2919,16.6898,-16.1941,20.1238
0.657488,-0.751674,2.5066,0.00820897,-0.0122378,-0.543548,3.77818,3.769,3.76062,3.77275,3.78193,3.79032,0,-0,21.2867,16.0381,-19.4731,19.9482
0.648736,-0.734267,2.5052,0.0101651,-0.0181612,-0.543274,3.77623,3.76618,3.75636,3.76776,3.77781,3.78764,0,-0,21.2671,14.7383,-22.0279,19.6736
0.642309,-0.721262,2.50446,0.0113009,-0.0227624,-0.542966,3.76601,3.75566,3.74479,3.75529,3.76563,3.7765,0,-0,21.2031,13.0995,-23.5124,19.366
0.636915,-0.709776,2.5042,0.0119574,-0.0269741,-0.54258,3.76777,3.75754,3.74585,3.75517,3.7654,3.77709,0,-0,21.2078,10.9895,-24.2984,18.9804
0.633135,-0.700633,2.50444,0.0120925,-0.0304464,-0.542136,3.76845,3.75877,3.74654,3.75453,3.7642,3.77643,0,-0,21.2078,8.58036,-24.2782,18.5359
0.631061,-0.692902,2.50527,0.0116208,-0.0335034,-0.541526,3.76828,3.76016,3.74736,3.75286,3.76097,3.77378,0,-0,21.2027,4.03895,-23.1874,17.9264
0.631634,-0.689315,2.50648,0.0107843,-0.0350006,-0.540966,3.74708,3.73973,3.72775,3.733,3.74035,3.75232,0,-0,21.0869,3.74821,-21.4222,17.3661
0.634259,-0.688241,2.50816,0.00971288,-0.0355132,-0.540383,3.73664,3.73232,3.72193,3.7254,3.72971,3.7401,0,-0,21.0361,0.546372,-16.298,16.7835
0.63848,-0.689207,2.51003,0.00862327,-0.0351878,-0.539814,3.73145,3.7276,3.71688,3.71923,3.72308,3.7338,0,-0,21.0041,-1.38839,-16.1487,16.2137
0.648228,-0.693998,2.51281,0.00680131,-0.0333025,-0.538877,3.72978,3.72852,3.71936,3.72016,3.72142,3.73058,0,-0,21.002,-4.0325,-11.5484,15.2771
0.658513,-0.700243,2.51446,0.00535535,-0.0307869,-0.538087,3.73297,3.73386,3.72625,3.72599,3.7251,3.73272,0,-0,21.0274,-5.77138,-7.45681,14.4873
0.670419,-0.708021,2.5154,0.0040463,-0.0275515,-0.537282,3.74652,3.74984,3.74358,3.74179,3.73848,3.74473,0,-0,21.1101,-8.41768,-3.25947,13.6822
0.680524,-0.714833,2.51562,0.00317285,-0.0246717,-0.536649,3.74462,3.74927,3.74446,3.74242,3.73777,3.74258,0,-0,21.1065,-8.66092,-0.180498,13.0489
0.70126,-0.729064,2.51511,0.00193735,-0.0185847,-0.535426,3.74238,3.74946,3.74753,3.74522,3.73814,3.74008,0,-0,21.1081,-8.72244,5.70585,11.8259
0.717037,-0.739986,2.51425,0.00144632,-0.0138601,-0.534529,3.75573,3.76439,3.76451,3.76218,3.75353,3.75341,0,-0,21.1936,-8.43137,9.72372,10.9295
0.734988,-0.752468,2.51283,0.00126755,-0.00841527,-0.533519,3.76388,3.77049,3.77614,3.7705,3.76389,3.75824,0,-0,21.24,-7.83583,13.5847,-8.2241
0.754065,-0.765817,2.5109,0.00146545,-0.00264404,-0.532433,3.76782,3.77621,3.78421,3.77902,3.77063,3.76263,0,-0,21.2751,-6.89697,18.1647,-8.45205
0.773024,-0.779249,2.50885,0.00203069,0.00304192,-0.531334,3.7705,3.77869,3.787,3.78238,3.77419,3.76588,0,-0,21.2922,-5.83577,18.2879,-8.31745
0.785794,-0.788462,2.5075,0.00261392,0.00682281,-0.530597,3.76943,3.77869,3.78839,3.78421,3.77496,3.76526,0,-0,21.2943,-5.06008,21.0109,-8.12597
0.80525,-0.802956,2.50564,0.00383676,0.0124403,-0.529459,3.76598,3.77703,3.78621,3.78435,3.77331,3.76412,0,-0,21.285,-3.57232,22.4176,0
0.82216,-0.816363,2.50434,0.00527635,0.0172282,-0.528415,3.74939,3.75928,3.77012,3.77108,3.76119,3.75035,0,-0,21.2008,1.83386,22.978,0
0.83077,-0.823709,2.50385,0.0061861,0.0196118,-0.527841,3.7503,3.76004,3.7709,3.77202,3.76228,3.75142,0,-0,21.206,2.15006,22.8338,0
0.846024,-0.838489,2.50341,0.0081772,0.0236757,-0.526636,3.7519,3.76075,3.77108,3.77256,3.76371,3.75338,0,-0,21.212,2.84209,21.2548,0
0.852229,-0.845849,2.50336,0.00911341,0.0252269,-0.526003,3.75273,3.76082,3.77057,3.77222,3.76412,3.75438,0,-0,21.2134,3.16748,19.7649,0
0.859247,-0.857046,2.50359,0.0103539,0.0268051,-0.524984,3.7538,3.76045,3.76898,3.77085,3.7642,3.75568,0,-0,21.2126,3.59863,16.8221,0
0.862156,-0.865731,2.50415,0.0110944,0.027259,-0.524141,3.75489,3.75953,3.76618,3.76819,3.76355,3.7569,0,-0,21.2082,3.85601,12.5099,0
0.862181,-0.875263,2.5053,0.0115904,0.0268454,-0.523155,3.73759,3.7421,3.7487,3.7508,3.74629,3.73969,0,-0,21.1104,4.02839,12.3201,0
0.859194,-0.883298,2.5068,0.0116601,0.0257111,-0.522274,3.73233,3.73445,3.73868,3.74079,3.73867,3.73444,0,-0,21.0673,4.05261,7.03408,0
0.854592,-0.889756,2.50832,0.0114262,0.024279,-0.521534,3.72958,3.73041,3.73331,3.73538,3.73455,3.73165,0,-0,21.0443,3.97134,4.13014,0
0.845709,-0.898024,2.51027,0.0106752,0.0217118,-0.520549,3.73106,3.73017,3.73122,3.73315,3.73404,3.733,0,-0,21.0422,3.7103,0.168778,0
0.83404,-0.90598,2.5118,0.00941088,0.0185685,-0.519568,3.73612,3.73368,3.73294,3.73464,3.73709,3.73783,0,-0,21.0607,3.27087,-3.53566,0
0.822689,-0.912329,2.51259,0.00798305,0.0156605,-0.518766,3.74973,3.74613,3.74398,3.74542,3.74902,3.75118,0,-0,21.1294,2.77461,-6.38145,0
0.808904,-0.919065,2.51295,0.00604357,0.0123065,-0.517903,3.75034,3.74571,3.74217,3.74327,3.7479,3.75144,0,-0,21.1251,2.10052,-9.05351,0
0.79644,-0.924591,2.5129,0.00411281,0.00942741,-0.517185,3.75172,3.74673,3.74173,3.74173,3.74673,3.75172,0,-0,21.1246,-0,-11.0708,0
0.779648,-0.931493,2.51259,0.00125531,0.00574475,-0.516274,3.75302,3.74706,3.74111,3.74111,3.74706,3.75302,0,-0,21.1265,-0,-13.2032,0
0.764397,-0.937383,2.51209,-0.00159748,0.00257986,-0.515476,3.75571,3.74936,3.74144,3.73987,3.74621,3.75413,0,-0,21.1306,-3.02255,-15.8091,0
0.74861,-0.943183,2.51133,-0.00478988,-0.000514465,-0.514656,3.75693,3.75101,3.74305,3.74102,3.74695,3.7549,0,-0,21.1373,-3.89497,-15.3852,0
0.73333,-0.948527,2.51035,-0.00815841,-0.00330191,-0.513846,3.77204,3.76749,3.75903,3.75511,3.75967,3.76813,0,-0,21.2196,-7.51559,-14.4266,0
0.717302,-0.953787,2.50907,-0.0119718,-0.00594226,-0.512947,3.77806,3.77143,3.7639,3.75694,3.76357,3.7711,0,-0,21.2417,-9.48376,-15.6979,-10.6528
0.707824,-0.95666,2.50822,-0.0143773,-0.0073653,-0.512372,3.77824,3.772,3.7646,3.75706,3.7633,3.7707,0,-0,21.2426,-10.3947,-15.1196,-11.2277
0.694686,-0.96015,2.50723,-0.0178471,-0.0091582,-0.511486,3.7663,3.76075,3.75385,3.74561,3.75116,3.75806,0,-0,21.1767,-11.4088,-13.7979,-12.1136
0.684516,-0.962133,2.50687,-0.0206224,-0.0102925,-0.510702,3.76641,3.76174,3.75574,3.74708,3.75176,3.75775,0,-0,21.1811,-11.9266,-11.8267,-12.8982
0.676526,-0.962718,2.5071,-0.0228532,-0.0108984,-0.509959,3.76527,3.76154,3.75675,3.74792,3.75165,3.75644,0,-0,21.1803,-11.9822,-9.44088,-13.6405
0.671027,-0.961817,2.50775,-0.0243874,-0.0110128,-0.509287,3.76239,3.7604,3.75783,3.7491,3.75108,3.75366,0,-0,21.1755,-11.5499,-5.05407,-14.3126
0.66755,-0.959109,2.50896,-0.0252822,-0.0106946,-0.508611,3.74323,3.74046,3.7388,3.73138,3.73415,3.73581,0,-0,21.0715,-8.78715,-4.90805,-14.9888
0.666627,-0.956077,2.51013,-0.0254025,-0.0102583,-0.50817,3.7372,3.73445,3.73295,3.72543,3.72818,3.72967,0,-0,21.0377,-8.82897,-4.70784,-15.4304
0.667336,-0.950404,2.51208,-0.0248729,-0.00949839,-0.507618,3.72949,3.72862,3.72929,3.72176,3.72264,3.72196,0,-0,21.0057,-8.64491,-0.222922,-15.9823
0.670189,-0.943013,2.51397,-0.0236085,-0.00854911,-0.50713,3.72821,3.72816,3.73008,3.72269,3.72273,3.72081,0,-0,21.0046,-8.20545,2.08146,-16.4697
0.674777,-0.934375,2.51544,-0.0216856,-0.00745507,-0.506726,3.72926,3.72892,3.73311,3.72805,3.7284,3.72421,0,-0,21.0228,-3.56739,4.26413,-16.874
0.680956,-0.924372,2.51635,-0.0190373,-0.00630831,-0.506391,3.7411,3.74081,3.74661,3.74291,3.74319,3.73739,0,-0,21.098,-0.847133,6.10971,-17.2094
0.685327,-0.917791,2.51659,-0.0170958,-0.00563504,-0.506224,3.73972,3.73938,3.74609,3.74326,3.7436,3.73689,0,-0,21.0951,0.89776,7.05719,-17.3758
0.698908,-0.898579,2.51622,-0.0109769,-0.00405229,-0.505913,3.73747,3.73735,3.74661,3.74594,3.74606,3.7368,0,-0,21.0963,5.14608,10.1301,-17.6868
0.705706,-0.889382,2.51574,-0.00787387,-0.00348646,-0.505836,3.73754,3.73695,3.74678,3.7471,3.74769,3.73786,0,-0,21.0998,7.08046,10.2364,-17.7639
0.716394,-0.87531,2.51468,-0.00292041,-0.00285903,-0.505792,3.75253,3.75072,3.76129,3.76355,3.76536,3.7548,0,-0,21.1884,10.8188,9.70203,-17.8078
0.726552,-0.862342,2.51334,0.00179615,-0.00261448,-0.505826,3.7591,3.75668,3.76692,3.76949,3.77191,3.76167,0,-0,21.2237,11.3894,8.66584,-17.7735
0.736707,-0.849833,2.51173,0.00648943,-0.0027092,-0.50593,3.76289,3.75927,3.76954,3.77338,3.777,3.76673,0,-0,21.2453,13.8083,7.37118,-17.6699
0.747037,-0.83774,2.51014,0.0111562,-0.00313698,-0.506109,3.76316,3.75856,3.76851,3.77312,3.77773,3.76777,0,-0,21.2454,15.2157,5.93229,-17.4909
0.755075,-0.828953,2.50909,0.0146998,-0.00368807,-0.506305,3.76149,3.75622,3.76584,3.77089,3.77615,3.76654,0,-0,21.2344,15.9851,4.81537,-17.2949
0.765217,-0.819013,2.50816,0.0189395,-0.00465467,-0.506635,3.75183,3.74435,3.75183,3.75715,3.76463,3.75715,0,-0,21.1684,16.3864,-0,-16.9646
0.774257,-0.81176,2.50785,0.0223604,-0.00576667,-0.507026,3.75381,3.74528,3.75143,3.75669,3.76522,3.75907,0,-0,21.1727,16.1293,-2.64649,-16.5741
0.781333,-0.807672,2.50803,0.0246591,-0.00679118,-0.507415,3.75414,3.74567,3.75133,3.75625,3.76472,3.75906,0,-0,21.1724,15.3391,-3.11667,-16.1849
0.788091,-0.805662,2.50852,0.0263787,-0.00777369,-0.507881,3.75413,3.74592,3.75091,3.75517,3.76338,3.75839,0,-0,21.1693,13.8948,-3.56757,-15.7192
0.795419,-0.806512,2.50951,0.0274602,-0.00869263,-0.508528,3.74121,3.73406,3.73761,3.73972,3.74686,3.74332,0,-0,21.0893,9.54414,-3.9893,-15.0722
0.801459,-0.810627,2.51083,0.0274557,-0.00925442,-0.509213,3.73507,3.72795,3.73124,3.73349,3.74061,3.73732,0,-0,21.0545,9.54259,-4.24712,-14.3872
0.806439,-0.81728,2.51227,0.026632,-0.00951036,-0.509916,3.73259,3.72562,3.72866,3.73088,3.73786,3.73482,0,-0,21.0401,9.2563,-4.36458,-13.6844
0.81073,-0.82614,2.51351,0.025207,-0.00950845,-0.51065,3.73506,3.72954,3.73113,3.73087,3.73639,3.73481,0,-0,21.047,4.2218,-4.3637,-12.9497
0.814764,-0.83778,2.51443,0.0230343,-0.00924132,-0.511475,3.74805,3.74349,3.74423,3.74263,3.74719,3.74646,0,-0,21.1168,1.34428,-4.24111,-12.1252
0.81858,-0.852247,2.51484,0.0200609,-0.00867263,-0.512393,3.74771,3.74419,3.74412,3.7412,3.74472,3.74479,0,-0,21.1118,-1.53896,-3.98012,-11.2073
0.821182,-0.864152,2.5148,0.0175444,-0.00806797,-0.513099,3.74789,3.74515,3.74455,3.74074,3.74349,3.74408,0,-0,21.111,-3.50048,-3.70262,-10.501
0.824314,-0.880541,2.5145,0.0140395,-0.0070797,-0.514029,3.74755,3.74762,3.74462,3.74154,3.74147,3.74448,0,-0,21.1123,-5.90588,-3.24908,0
0.828222,-0.903421,2.51362,0.00911006,-0.00544523,-0.515286,3.74828,3.75098,3.74603,3.74299,3.74029,3.74524,0,-0,21.1185,-8.79469,-2.49897,8.10613
0.830977,-0.92043,2.51263,0.00542633,-0.00404903,-0.516203,3.76487,3.76921,3.76487,3.76088,3.75654,3.76088,0,-0,21.2157,-10.6621,-0,8.21557
0.833768,-0.937739,2.51133,0.00167744,-0.00247276,-0.517114,3.7717,3.77659,3.7717,3.76653,3.76164,3.76653,0,-0,21.2509,-12.8719,-0,8.09076
0.838098,-0.963593,2.50895,-0.00385715,0.000154624,-0.518425,3.77805,3.78137,3.77805,3.77141,3.76808,3.77141,0,-0,21.2825,-12.758,-0,0
0.841392,-0.981794,2.50729,-0.00768066,0.00218245,-0.519333,3.77886,3.78276,3.77886,3.77107,3.76718,3.77108,0,-0,21.2839,-14.9509,-0,0
0.843664,-0.993428,2.50633,-0.0100786,0.00358333,-0.519919,3.77771,3.78172,3.77771,3.76971,3.7657,3.76971,0,-0,21.2768,-15.3704,-0,0
0.84778,-1.01246,2.50508,-0.0139399,0.00613127,-0.520934,3.76178,3.76717,3.76432,3.75607,3.75068,3.75353,0,-0,21.1934,-15.8304,2.81382,0
0.852038,-1.02934,2.50445,-0.0172257,0.0087968,-0.521935,3.76244,3.76837,3.76609,3.75788,3.75196,3.75424,0,-0,21.2004,-15.7508,4.03711,0
0.856203,-1.04313,2.5044,-0.0197409,0.0114344,-0.522889,3.76025,3.76835,3.76859,3.76074,3.75265,3.75241,0,-0,21.2023,-15.0717,9.24244,0
0.859407,-1.05194,2.50461,-0.0211925,0.0134485,-0.523628,3.75913,3.76778,3.76904,3.76166,3.75301,3.75175,0,-0,21.2017,-14.1745,10.9821,0
0.862935,-1.05975,2.50514,-0.0222702,0.0156141,-0.524471,3.75748,3.76637,3.76868,3.7621,3.75321,3.7509,0,-0,21.1983,-12.6394,12.4152,0
0.866593,-1.06548,2.50622,-0.0227152,0.0176625,-0.525426,3.73887,3.74693,3.75088,3.74676,3.7387,3.73476,0,-0,21.1026,-7.89497,13.3108,0
0.869967,-1.06792,2.50808,-0.0222803,0.019254,-0.526466,3.7279,3.73607,3.74021,3.73618,3.72801,3.72387,0,-0,21.0418,-7.74379,13.6423,0
0.872108,-1.06712,2.51002,-0.0213185,0.0199902,-0.527301,3.72136,3.72927,3.73331,3.72945,3.72155,3.7175,0,-0,21.0044,-7.40953,13.2436,0
0.873845,-1.06339,2.51233,-0.0197068,0.0202169,-0.528259,3.71894,3.72374,3.72731,3.72607,3.72127,3.7177,0,-0,20.9881,-2.37075,9.27813,0
0.874576,-1.05916,2.5138,-0.0182477,0.0199854,-0.528929,3.71901,3.72322,3.72728,3.72714,3.72293,3.71886,0,-0,20.9913,-0.274341,9.17187,0
0.874841,-1.04819,2.51588,-0.0148456,0.0187611,-0.530171,3.72344,3.72643,3.73121,3.73301,3.73002,3.72524,0,-0,21.0203,3.44821,8.61003,0
0.874168,-1.0384,2.51671,-0.0120787,0.0173973,-0.531042,3.73644,3.73855,3.74364,3.74662,3.74451,3.73942,0,-0,21.0953,5.71501,7.98411,0
0.872854,-1.02768,2.517,-0.00922459,0.0157111,-0.531876,3.73561,3.73685,3.74212,3.74614,3.74489,3.73963,0,-0,21.0916,7.71959,7.21026,0
0.870141,-1.01197,2.51675,-0.00531894,0.0129175,-0.532972,3.73571,3.73576,3.74105,3.74629,3.74623,3.74094,0,-0,21.0923,10.0469,5.92819,0
0.866673,-0.996245,2.51613,-0.00165335,0.00973907,-0.533983,3.73719,3.73619,3.73782,3.74634,3.74733,3.7457,0,-0,21.0966,12.5756,0.701814,10.3832
0.863088,-0.982451,2.51531,0.00139791,0.00660869,-0.534834,3.75235,3.75014,3.75035,3.75917,3.76138,3.76117,0,-0,21.1756,12.8362,-2.21849,11.2343
0.858844,-0.968063,2.51414,0.00439994,0.00300217,-0.535701,3.75986,3.7559,3.75392,3.76279,3.76675,3.76873,0,-0,21.2069,12.6207,-6.58427,12.101
0.854232,-0.954072,2.51275,0.00711458,-0.000788026,-0.53652,3.76298,3.75823,3.75614,3.76615,3.7709,3.77299,0,-0,21.2252,14.515,-7.5851,12.92
0.849224,-0.94033,2.51138,0.00960267,-0.0047818,-0.537318,3.76322,3.75839,3.7559,3.76605,3.77089,3.77337,0,-0,21.2256,14.4918,-8.11743,13.7178
0.844614,-0.928774,2.51033,0.0115551,-0.0083591,-0.538003,3.75135,3.74489,3.74028,3.75031,3.75677,3.76138,0,-0,21.1478,14.021,-12.2688,14.4026
0.839434,-0.916923,2.50951,0.0133187,-0.012378,-0.538746,3.75406,3.74696,3.74093,3.75061,3.75771,3.76374,0,-0,21.1562,13.0701,-14.5568,15.146
0.836086,-0.90989,2.5092,0.0141878,-0.0150491,-0.539229,3.7555,3.74821,3.74125,3.75046,3.75776,3.76472,0,-0,21.1599,12.0104,-15.8024,15.6293
0.831058,-0.900363,2.50897,0.0149495,-0.0192478,-0.540016,3.75732,3.75022,3.74188,3.74998,3.75709,3.76542,0,-0,21.1637,9.57938,-17.1127,16.4157
0.828682,-0.89646,2.50909,0.014904,-0.0214333,-0.540473,3.75851,3.75254,3.74286,3.74876,3.75473,3.76441,0,-0,21.1636,5.18007,-17.3505,16.873
0.826904,-0.894184,2.50969,0.0142689,-0.0234858,-0.540998,3.75753,3.75192,3.74231,3.74818,3.75379,3.76341,0,-0,21.1592,4.95933,-16.8735,17.3982
0.826654,-0.894645,2.51069,0.013322,-0.024507,-0.541398,3.73986,3.735,3.72579,3.73158,3.73645,3.74565,0,-0,21.0626,4.63023,-15.5967,17.7983
