0,-0,-0,0,0,-0,7.57995,7.56141,7.63059,7.57995,7.56141,7.63059,0.03,-0.03,42.7972,-0,-0,0
0,-0,-0,0,0,-0,7.57995,7.56141,7.63059,7.57995,7.56141,7.63059,0.03,-0.03,42.7972,-0,-0,0
0.0129703,-0.0174495,0.128954,6.13841e-06,7.54129e-06,-0.0388322,7.37837,7.3682,7.42989,7.38573,7.36084,7.43725,0.0296109,-0.0305235,41.685,-0,-0,38.8322
0.0129703,-0.0174495,0.128954,6.13841e-06,7.54129e-06,-0.0388322,7.37837,7.3682,7.42989,7.38573,7.36084,7.43725,0.0296109,-0.0305235,41.685,-0,-0,38.8322
0.0129849,-0.017411,0.136327,-0.000383441,-0.000145786,-0.0388324,7.00891,6.99875,7.06044,7.01627,6.99139,7.0678,0.0296105,-0.0305223,39.602,-0,-0,38.8324
0.0130598,-0.0173508,0.198844,-0.000347841,-0.000869675,-0.0388357,6.14765,6.13749,6.19917,6.15501,6.13013,6.20653,0.0296082,-0.0305205,34.7461,-0,-0,38.8357
0.0131738,-0.0172864,0.269669,-0.000256731,-0.00162484,-0.0388539,5.61643,5.60373,5.66285,5.6187,5.59636,5.67531,0.0296048,-0.0305186,31.7366,-0,-5.65045,38.8539
0.0138554,-0.017128,0.489423,6.53512e-05,-0.00374085,-0.0389879,4.45995,4.44729,4.50634,4.46222,4.4399,4.51885,0.0295843,-0.0305138,25.2162,-0,-5.67437,38.9879
0.0146501,-0.0170478,0.649892,0.000272592,-0.0048923,-0.039121,3.82513,3.81269,3.87184,3.82775,3.80527,3.88405,0.0295605,-0.0305114,21.6381,-0,-5.31113,39.121
0.0165407,-0.0168966,0.91249,0.000497066,-0.00634636,-0.0392961,3.07884,3.06554,3.12361,3.07956,3.05809,3.13778,0.0295038,-0.0305069,17.4251,-0,-7.45012,39.2961
0.0191206,-0.0167165,1.16872,0.000606546,-0.00748564,-0.039422,2.66616,2.65308,2.71109,2.66708,2.64561,2.72512,0.0294264,-0.0305015,15.0991,-0,-7.26865,39.422
0.0229323,-0.0164707,1.44743,0.000609069,-0.00852225,-0.0395108,2.44181,2.43042,2.48976,2.44577,2.42293,2.50077,0.029312,-0.0304941,13.843,-0,-3.91111,39.5108
0.0272851,-0.0161874,1.68046,0.000491067,-0.0091935,-0.0395269,2.45548,2.44414,2.50314,2.45917,2.43665,2.51444,0.0291814,-0.0304856,13.9197,-0,-4.21917,39.5269
0.0315422,-0.0158932,1.84975,0.000296669,-0.00954735,-0.0394772,2.5834,2.57215,2.63089,2.58693,2.56467,2.64233,0.0290537,-0.0304768,14.6408,-0,-4.38155,39.4772
0.0369991,-0.0154821,2.00697,-3.26201e-05,-0.00979701,-0.0393366,2.80284,2.79174,2.85021,2.80624,2.78429,2.86172,0.02889,-0.0304645,15.878,-0,-4.49613,39.3366
0.0439169,-0.0148998,2.13999,-0.000538721,-0.00988357,-0.0390585,3.07201,3.06113,3.11931,3.07532,3.05373,3.13081,0.0286825,-0.030447,17.3959,-0,-4.53586,39.0585
0.0502737,-0.0142978,2.21928,-0.00106064,-0.00978335,-0.0387253,3.27565,3.26499,3.32296,3.27894,3.25765,3.33435,0.0284918,-0.0304289,18.5444,-0,-4.48986,38.7253
0.0575984,-0.0135128,2.27913,-0.0017031,-0.00949712,-0.0382699,3.44142,3.43104,3.48882,3.44475,3.42379,3.5,0.028272,-0.0304054,19.4797,-0,-4.3585,38.2699
0.0670737,-0.0123266,2.32757,-0.0025709,-0.00890828,-0.037593,3.58113,3.57113,3.62871,3.58456,3.564,3.63952,0.0279878,-0.0303698,20.2683,-0,-4.08827,37.593
0.0759875,-0.0110046,2.35626,-0.00340626,-0.00817222,-0.0368847,3.65889,3.64926,3.70671,3.6625,3.64227,3.71708,0.0277204,-0.0303301,20.7077,-0,-3.75047,36.8847
0.0864286,-0.00916022,2.37914,-0.00439329,-0.00712613,-0.0359821,3.69763,3.691,3.74939,3.70362,3.68122,3.75407,0.0274071,-0.0302748,20.9335,-2.8437,0.726752,35.9821
0.0949652,-0.00738237,2.39352,-0.00520092,-0.0061442,-0.0351926,3.70726,3.70027,3.75999,3.71156,3.69018,3.76086,0.027151,-0.0302215,20.9834,-4.80851,1.90946,26.8543
0.108918,-0.00387628,2.41298,-0.00647761,-0.004369,-0.0338066,3.7024,3.69706,3.75803,3.70912,3.68715,3.75518,0.0267325,-0.0301163,20.9635,-5.10724,5.30298,24.2326
0.120174,-0.000428674,2.42668,-0.00732926,-0.00293271,-0.0326116,3.69331,3.68738,3.74884,3.70108,3.6805,3.74688,0.0263948,-0.0300129,20.9157,-2.54738,5.39419,22.3013
0.132165,0.00393064,2.43995,-0.00798651,-0.00144929,-0.0312801,3.68595,3.68003,3.74109,3.69305,3.67329,3.7388,0.026035,-0.0298821,20.8727,-2.77582,5.20239,20.3167
0.140884,0.00758679,2.44883,-0.00830984,-0.000447534,-0.0302729,3.68286,3.67685,3.73754,3.68936,3.67026,3.73519,0.0257735,-0.0297724,20.8537,-2.88819,4.91005,18.876
0.154457,0.0141681,2.46135,-0.00864646,0.000978707,-0.0286337,3.68235,3.67615,3.73624,3.6879,3.66986,3.73386,0.0253663,-0.029575,20.8484,-3.00519,4.3982,16.6442
0.168363,0.0221544,2.47245,-0.00877514,0.0023055,-0.0268528,3.68671,3.68031,3.73984,3.69145,3.67442,3.73736,0.0249491,-0.0293354,20.8707,-3.04991,4.00186,14.3115
0.179633,0.0296652,2.48011,-0.00868394,0.00330783,-0.0253213,3.69304,3.68644,3.74554,3.69718,3.68096,3.74295,0.024611,-0.02911,20.9045,-3.01822,3.7283,12.3695
0.191936,0.0390681,2.4871,-0.0083379,0.00435862,-0.0235456,3.70314,3.69472,3.7518,3.70356,3.68976,3.75222,0.0242419,-0.028828,20.9506,-2.89795,-0,10.2008
0.201589,0.0474422,2.49162,-0.00784624,0.00516631,-0.0220642,3.70917,3.70166,3.75955,3.71149,3.69721,3.75759,0.0239523,-0.0285767,20.9896,-2.72706,2.37097,8.45634
0.212884,0.058526,2.49593,-0.00697043,0.00614753,-0.0202117,3.71681,3.70923,3.76703,3.71929,3.70551,3.76442,0.0236135,-0.0282442,21.0325,-2.42266,2.82128,6.32647
0.222713,0.0694909,2.49891,-0.00587896,0.00713182,-0.0184702,3.72036,3.71348,3.77379,3.72818,3.71401,3.769,0.0233186,-0.0279153,21.0668,1.30902,6.98886,4.38968
0.230431,0.0791387,2.50082,-0.00474978,0.00795468,-0.0169939,3.72546,3.71617,3.77539,3.73136,3.71978,3.7747,0.0230871,-0.0276258,21.0894,3.97353,3.65063,2.80976
0.23986,0.0924732,2.50271,-0.00297023,0.00898682,-0.0150144,3.72974,3.72018,3.77942,3.736,3.72485,3.77824,0.0228042,-0.0272258,21.1134,4.61396,4.12431,0.724139
0.246505,0.103193,2.50381,-0.00148491,0.00963679,-0.0134557,3.7322,3.72248,3.7816,3.73844,3.72748,3.77987,0.0226049,-0.0269042,21.1262,4.64197,4.4226,-0.842726
0.25318,0.115475,2.50478,0.000166825,0.0102644,-0.0116864,3.74462,3.73473,3.79366,3.75071,3.73989,3.79126,0.0224046,-0.0265357,21.1946,4.48561,4.71063,-2.57699
0.259284,0.128678,2.50562,0.00186742,0.010786,-0.00978641,3.74466,3.73267,3.79325,3.74866,3.7398,3.78832,0.0222215,-0.0261397,21.1876,4.26375,4.94999,-14.149
0.263545,0.13973,2.50628,0.00324428,0.011071,-0.00818267,3.74385,3.73191,3.792,3.74791,3.73882,3.78689,0.0220936,-0.0258081,21.182,4.08206,5.08079,-14.0137
0.267542,0.152769,2.50734,0.00484011,0.0111828,-0.00626064,3.72944,3.7175,3.77698,3.7335,3.7241,3.77178,0.0219738,-0.0254169,21.0992,3.85773,5.13209,-13.6322
0.26985,0.163012,2.50843,0.00608869,0.0110523,-0.00473352,3.72482,3.71227,3.77178,3.72993,3.72082,3.76774,0.0219045,-0.0251096,21.0748,5.81425,5.07221,-13.1765
0.27143,0.173947,2.50987,0.00743179,0.010633,-0.00306919,3.72128,3.70846,3.76751,3.72645,3.71719,3.76388,0.0218571,-0.0247816,21.0536,6.08331,4.87978,-12.6649
0.271977,0.183699,2.51123,0.00863546,0.00993826,-0.00152844,3.72131,3.7082,3.76677,3.72632,3.71691,3.76354,0.0218407,-0.024489,21.052,6.14772,4.56096,-12.194
0.271562,0.193597,2.51251,0.00977394,0.00880271,0.000131464,3.72556,3.71081,3.76614,3.72486,3.71656,3.76596,0.0218531,-0.0241921,21.0584,3.39706,-0.289047,-11.6949
0.270573,0.200536,2.51331,0.0104763,0.00763727,0.0013887,3.73758,3.72192,3.77641,3.73568,3.72785,3.77782,0.0218828,-0.0239839,21.1217,3.64119,-1.83765,-11.3019
0.269179,0.206425,2.51391,0.010986,0.00631837,0.00255165,3.73731,3.72089,3.77469,3.73442,3.72694,3.77742,0.0219246,-0.0238072,21.1165,3.81832,-3.11515,-10.9331
0.266435,0.213957,2.51468,0.0115787,0.00414569,0.00425441,3.73772,3.71955,3.77177,3.73209,3.72572,3.77765,0.022007,-0.0235813,21.1097,4.02433,-6.37436,-10.4017
0.263974,0.218589,2.51543,0.0118672,0.00239931,0.00552673,3.73667,3.71831,3.77045,3.73113,3.7245,3.7765,0.0220808,-0.0234423,21.1032,4.1246,-6.41834,-9.9856
0.261833,0.221619,2.5162,0.0119619,0.000952204,0.00655664,3.73544,3.71709,3.7693,3.73022,3.72325,3.7752,0.022145,-0.0233514,21.0966,4.15753,-6.16235,-9.65303
0.258872,0.224592,2.51751,0.01182,-0.000945489,0.00796671,3.71848,3.70034,3.75283,3.71396,3.70636,3.75815,0.0222338,-0.0232622,21.0022,4.10821,-5.45199,-9.1713
0.257162,0.225668,2.51848,0.0115398,-0.00202939,0.00882383,3.71521,3.69724,3.7499,3.71109,3.70311,3.75482,0.0222851,-0.02323,20.9846,4.01081,-5.00845,-8.89396
0.25516,0.226174,2.51992,0.0109007,-0.00336166,0.00995276,3.71274,3.69509,3.74798,3.70915,3.70065,3.75229,0.0223452,-0.0232148,20.972,3.78869,-4.38097,-8.51819
0.253493,0.225482,2.52134,0.00977891,-0.00469805,0.0111952,3.71621,3.69765,3.75204,3.7093,3.70161,3.75192,0.0223952,-0.0232355,20.9821,0.290098,-3.75953,-19.3204
0.252768,0.224061,2.52215,0.00857772,-0.00562217,0.0121442,3.7264,3.71005,3.76337,3.7213,3.71141,3.76293,0.022417,-0.0232782,21.0448,-0.90781,-2.58018,-12.1442
0.252674,0.2219,2.52264,0.00709017,-0.00646948,0.0130801,3.72609,3.70969,3.76282,3.71995,3.71021,3.76204,0.0224198,-0.023343,21.0405,-1.88502,-2.96903,-13.0801
0.253246,0.219429,2.52285,0.00562299,-0.00717218,0.0138765,3.72608,3.70966,3.76264,3.71913,3.70958,3.76163,0.0224026,-0.0234171,21.0385,-2.59915,-3.29152,-13.8765
0.254363,0.21688,2.52298,0.00423627,-0.00777072,0.0145625,3.72652,3.71049,3.76296,3.71812,3.70841,3.761,0.0223691,-0.0234936,21.0374,-4.65371,-3.56621,-14.5625
0.2569,0.213091,2.52302,0.00228995,-0.00850548,0.0154437,3.72658,3.71045,3.76291,3.71768,3.70848,3.76105,0.022293,-0.0236073,21.037,-4.70382,-3.90341,-15.4437
0.26021,0.209624,2.52288,0.000564392,-0.00903896,0.0161656,3.7268,3.71061,3.76308,3.71764,3.70897,3.76141,0.0221937,-0.0237113,21.0383,-4.51801,-4.14824,-16.1656
0.263804,0.206782,2.5226,-0.000815958,-0.00937581,0.0167241,3.72716,3.71096,3.76345,3.71789,3.70969,3.76195,0.0220859,-0.0237966,21.0407,-4.25674,-4.30283,-16.7241
0.269233,0.203569,2.52204,-0.00240274,-0.00961385,0.0173413,3.72791,3.71178,3.76426,3.71858,3.71094,3.76289,0.021923,-0.0238929,21.0457,-3.9558,-4.41208,-17.3413
0.275787,0.200826,2.52121,-0.00388321,-0.00962321,0.0178809,3.72901,3.71307,3.7655,3.71972,3.71262,3.76418,0.0217264,-0.0239752,21.053,-3.68495,-4.41637,-17.8809
0.281946,0.19905,2.52032,-0.00502181,-0.00943959,0.0182627,3.74435,3.72909,3.781,3.73425,3.72708,3.77872,0.0215416,-0.0240285,21.1379,-5.24679,-4.3321,-18.2627
0.290469,0.197562,2.51896,-0.00635027,-0.00895042,0.0186582,3.74959,3.73484,3.78653,3.73948,3.73264,3.78383,0.0212859,-0.0240731,21.1684,-5.50868,-4.10761,-18.6582
0.297789,0.197016,2.51776,-0.00732229,-0.00835514,0.0189098,3.7514,3.73707,3.78861,3.74145,3.73485,3.78558,0.0210663,-0.0240895,21.1797,-5.57199,-3.83442,-18.9098
0.308792,0.197261,2.51624,-0.0084895,-0.00720466,0.0191758,3.74814,3.73573,3.78968,3.74385,3.73629,3.78362,0.0207363,-0.0240822,21.1781,-2.95063,0.980709,-19.1758
0.315251,0.197938,2.51553,-0.00903099,-0.00640235,0.0192823,3.74682,3.73518,3.78928,3.74337,3.73557,3.78215,0.0205425,-0.0240619,21.1735,-3.13884,2.03996,-19.2823
0.327957,0.200317,2.51447,-0.00984798,-0.0045962,0.0194043,3.73397,3.72464,3.77983,3.73387,3.72475,3.76901,0.0201613,-0.0239905,21.1112,-3.42279,5.9386,-19.4043
0.340759,0.204058,2.51376,-0.010497,-0.00267219,0.019424,3.73489,3.72622,3.78084,3.73495,3.7261,3.76961,0.0197772,-0.0238783,21.1173,-3.64835,6.25928,-19.424
0.352449,0.208664,2.51324,-0.0109539,-0.00091228,0.0193577,3.73572,3.72744,3.78131,3.73558,3.72714,3.77015,0.0194265,-0.0237401,21.1218,-3.80716,6.10713,-19.3577
0.363695,0.214234,2.51265,-0.0112393,0.000690064,0.0192174,3.73681,3.72875,3.78176,3.73629,3.72833,3.77093,0.0190892,-0.023573,21.127,-3.90638,5.71568,-19.2174
0.371262,0.218665,2.51218,-0.0113282,0.00172082,0.0190787,3.73765,3.72973,3.78214,3.73691,3.72925,3.77155,0.0188621,-0.0234401,21.1311,-3.93728,5.45596,-19.0787
0.383446,0.227092,2.51129,-0.0112589,0.00332604,0.0187742,3.7392,3.73148,3.78292,3.73819,3.73096,3.77274,0.0184966,-0.0231872,21.1388,-3.91317,5.08205,-18.7742
0.395927,0.237643,2.51018,-0.0108447,0.0049447,0.0183437,3.74103,3.73351,3.78396,3.73991,3.73306,3.7742,0.0181222,-0.0228707,21.1484,-3.76923,4.79296,-18.3437
0.404197,0.24592,2.50933,-0.0103193,0.00602771,0.0179796,3.754,3.74783,3.79885,3.75539,3.7475,3.78692,0.0178741,-0.0226224,21.2281,-3.5866,7.38292,-17.9796
0.413785,0.257107,2.50821,-0.00937508,0.00732642,0.0174583,3.75542,3.74881,3.8001,3.75904,3.75186,3.78961,0.0175864,-0.0222868,21.2416,-0.240597,7.81711,-17.4583
0.421248,0.267304,2.50726,-0.00830912,0.0083779,0.0169576,3.7431,3.7364,3.78738,3.74753,3.74057,3.77747,0.0173626,-0.0219809,21.1736,0.916987,7.94391,-16.9576
0.430606,0.282626,2.50633,-0.00641713,0.0096543,0.0161617,3.7459,3.7374,3.78622,3.74808,3.74296,3.78041,0.0170818,-0.0215212,21.1816,2.38937,4.43064,-16.1617
0.43536,0.291926,2.50603,-0.00518543,0.0102587,0.0156526,3.74615,3.73766,3.78625,3.74906,3.74388,3.78067,0.0169392,-0.0212422,21.1841,3.12771,4.70802,-15.6526
0.441694,0.306796,2.5057,-0.00314085,0.011007,0.0147933,3.74616,3.73734,3.78582,3.75062,3.74557,3.78117,0.0167492,-0.0207961,21.187,5.21365,5.05144,-14.7933
0.446524,0.321382,2.50552,-0.0010883,0.0116166,0.0138912,3.74649,3.73778,3.78567,3.75146,3.746,3.78102,0.0166043,-0.0203585,21.1886,5.36511,5.33118,-13.8912
0.449381,0.33274,2.50549,0.000528655,0.0120095,0.0131425,3.74667,3.73803,3.78543,3.75191,3.74605,3.78073,0.0165186,-0.0200178,21.189,5.31187,5.51151,-13.1425
0.451936,0.34769,2.50562,0.00262593,0.0123827,0.0120843,3.7467,3.73812,3.78486,3.75221,3.74575,3.78012,0.0164419,-0.0195693,21.188,5.12348,5.6828,-12.0843
0.4529,0.358618,2.50587,0.00414538,0.0125245,0.0112489,3.74654,3.73795,3.78421,3.75218,3.74525,3.77947,0.016413,-0.0192414,21.1859,4.95979,5.74784,-11.2489
0.45289,0.373101,2.50646,0.00617344,0.0124861,0.0100422,3.74463,3.73697,3.78155,3.75309,3.74451,3.77967,0.0164133,-0.018807,21.1811,6.92261,5.73025,-1.70898
0.451357,0.386645,2.50736,0.00812687,0.0121344,0.00878056,3.74263,3.73634,3.77872,3.75316,3.7424,3.7792,0.0164593,-0.0184006,21.1736,7.40321,5.56885,8.71507
0.449558,0.394894,2.50812,0.00935733,0.0117124,0.00793048,3.72844,3.72174,3.76393,3.73892,3.72799,3.76472,0.0165132,-0.0181532,21.0921,7.61027,5.37515,8.82625
0.445839,0.405992,2.50949,0.0110017,0.0107894,0.0066785,3.72362,3.71626,3.75817,3.73369,3.72252,3.7593,0.0166248,-0.0178203,21.0618,7.5868,4.95155,8.71673
0.4421,0.413723,2.51074,0.012117,0.00979998,0.00572285,3.72347,3.71345,3.75305,3.72884,3.71962,3.75865,0.016737,-0.0175883,21.0464,7.4545,-0.133718,8.46333
0.436011,0.422725,2.51235,0.0133526,0.00805632,0.00447018,3.72562,3.71477,3.75275,3.72746,3.71807,3.7588,0.0169197,-0.0173183,21.0467,4.64086,-2.33471,8.10394
0.431198,0.4279,2.51328,0.0140099,0.00658781,0.00362751,3.72834,3.71496,3.75401,3.72757,3.72003,3.75984,0.017064,-0.017163,21.0536,4.86933,-3.6582,0
0.425297,0.43263,2.51411,0.0145613,0.00479731,0.00269564,3.74097,3.72567,3.76342,3.73732,3.73094,3.77234,0.0172411,-0.0170211,21.1155,5.06096,-6.96113,0
0.418344,0.436402,2.51478,0.0150192,0.0027348,0.00167914,3.74013,3.72436,3.76234,3.73651,3.7298,3.77139,0.0174497,-0.0169079,21.1098,5.22013,-7.0238,0
0.412854,0.438184,2.51516,0.015243,0.00114175,0.000893479,3.73956,3.72358,3.76187,3.73617,3.7291,3.77078,0.0176144,-0.0168545,21.1065,5.29791,-6.8182,0
0.405627,0.43898,2.51574,0.0153181,-0.000847849,-0.000153936,3.73854,3.72247,3.76131,3.73567,3.72802,3.76973,0.0178312,-0.0168306,21.1015,5.324,-6.2515,0
0.399204,0.438118,2.51638,0.0151162,-0.00255107,-0.00112734,3.73744,3.72133,3.76067,3.73495,3.72681,3.76863,0.0180239,-0.0168565,21.0959,5.25384,-5.79218,0
0.392802,0.435517,2.51717,0.0145556,-0.00425353,-0.00217683,3.73613,3.72003,3.75983,3.73388,3.7253,3.76735,0.0182159,-0.0169345,21.0891,5.05899,-5.41786,0
0.387505,0.43163,2.51796,0.0136719,-0.00574335,-0.00315217,3.73677,3.72028,3.75852,3.73074,3.72229,3.76656,0.0183749,-0.0170511,21.0822,1.92631,-7.79286,0
0.383622,0.427317,2.51864,0.0126244,-0.00695334,-0.00397789,3.73616,3.71976,3.75777,3.72912,3.72046,3.76551,0.0184913,-0.0171805,21.0762,0.67615,-8.19152,0
0.379865,0.421142,2.51942,0.0110447,-0.00831273,-0.00495402,3.7353,3.71916,3.75703,3.72734,3.7184,3.76423,0.018604,-0.0173658,21.0693,-0.727127,-8.40172,0
0.377216,0.414264,2.52009,0.00927552,-0.00946508,-0.00589412,3.73438,3.71866,3.75655,3.72587,3.71662,3.76302,0.0186835,-0.0175721,21.0633,-1.95496,-8.30458,0
0.375612,0.406653,2.52065,0.00731218,-0.0104283,-0.00683583,3.73205,3.71834,3.75778,3.7261,3.71509,3.76047,0.0187316,-0.0178004,21.0583,-3.12826,-4.78585,0
0.375136,0.40017,2.52098,0.00563304,-0.0110458,-0.0075904,3.73171,3.71825,3.75752,3.72507,3.71411,3.76002,0.0187459,-0.0179949,21.0554,-3.97072,-5.06925,0
0.375786,0.390385,2.52124,0.00307794,-0.0117173,-0.00868583,3.73179,3.71905,3.75781,3.72368,3.71254,3.7594,0.0187264,-0.0182884,21.0531,-6.25153,-5.3774,0
0.377278,0.383188,2.52123,0.00117187,-0.0121071,-0.00947964,3.73171,3.71916,3.75793,3.72339,3.71255,3.75964,0.0186817,-0.0185044,21.0532,-6.34203,-5.55632,0
0.380785,0.373363,2.52092,-0.0014933,-0.0124987,-0.0105761,3.73098,3.72076,3.75754,3.72451,3.71215,3.76142,0.0185765,-0.0187991,21.056,-6.33873,-5.73603,10.5761
0.385784,0.364299,2.52026,-0.00399401,-0.0126612,-0.0116329,3.73158,3.7219,3.75853,3.72538,3.71337,3.76281,0.0184265,-0.019071,21.0619,-6.06964,-5.81061,11.6329
0.390575,0.357955,2.51953,-0.00580746,-0.0126115,-0.0124164,3.73289,3.72423,3.76018,3.72589,3.7136,3.76362,0.0182828,-0.0192614,21.0683,-7.94227,-5.78776,12.4164
0.398631,0.350077,2.51821,-0.00822409,-0.0122532,-0.0134497,3.75053,3.74285,3.77837,3.74355,3.73139,3.78154,0.0180411,-0.0194977,21.1696,-8.55174,-5.62335,13.4497
0.404786,0.3456,2.51714,-0.00974422,-0.0118148,-0.0140922,3.75433,3.74731,3.78258,3.74752,3.73546,3.78555,0.0178564,-0.019632,21.1926,-8.81039,-5.42217,14.0922
0.415438,0.340021,2.51533,-0.0118552,-0.0107968,-0.0150131,3.75485,3.75056,3.78723,3.75203,3.73847,3.7865,0.0175369,-0.0197994,21.2085,-8.86762,-1.15547,15.0131
0.425739,0.336603,2.51395,-0.0134201,-0.00955465,-0.0157447,3.75272,3.7499,3.78695,3.7518,3.73784,3.78477,0.0172278,-0.0199019,21.2032,-8.71271,0.697664,15.7447
0.437401,0.33457,2.51284,-0.014752,-0.00793489,-0.0164408,3.73808,3.73661,3.77391,3.73897,3.72479,3.77054,0.016878,-0.0199629,21.127,-8.35273,2.3622,16.4408
0.446431,0.334137,2.51224,-0.0155145,-0.00661984,-0.016907,3.73754,3.73629,3.77438,3.74106,3.72747,3.77165,0.0166071,-0.0199759,21.1322,-5.39225,3.46382,16.907
0.460844,0.335274,2.5116,-0.0163071,-0.00446873,-0.0175481,3.73678,3.7379,3.77671,3.74342,3.72867,3.77081,0.0161747,-0.0199418,21.1377,-5.66776,6.95386,17.5481
0.474197,0.338186,2.511,-0.016654,-0.00244655,-0.0180489,3.73744,3.73932,3.77747,3.74435,3.72987,3.77136,0.0157741,-0.0198544,21.1429,-5.78831,7.21701,18.0489
0.487209,0.342688,2.51033,-0.0167386,-0.000488265,-0.0184638,3.73841,3.74077,3.77807,3.74525,3.73121,3.77217,0.0153837,-0.0197194,21.1486,-5.81772,7.05392,18.4638
0.497608,0.347483,2.50974,-0.016604,0.00101424,-0.018749,3.73938,3.74197,3.77851,3.74602,3.7324,3.77297,0.0150718,-0.0195755,21.1537,-5.77094,6.75157,18.749
0.511958,0.355941,2.50883,-0.0160652,0.00301036,-0.0190779,3.7337,3.75797,3.7721,3.7402,3.74854,3.76703,0,-0.0193218,21.1615,-5.58368,6.41002,19.0779
0.52536,0.365942,2.50785,-0.0151064,0.00483297,-0.0193159,3.73467,3.75775,3.77232,3.74267,3.75169,3.76924,0,-0.0190217,21.1697,-2.30335,6.14173,19.3159
0.536735,0.376247,2.50692,-0.0138533,0.00639263,-0.0194621,3.73462,3.75835,3.77431,3.74603,3.75389,3.76951,0,-0.0187126,21.1776,-0.739601,8.98704,19.4621
0.545689,0.385757,2.50611,-0.0125157,0.00768205,-0.0195363,3.74804,3.77146,3.78776,3.76064,3.76833,3.78313,0,-0.0184273,21.2552,0.547936,9.54767,19.5363
0.558429,0.401926,2.50482,-0.010069,0.00964007,-0.0195664,3.74987,3.77268,3.7893,3.76394,3.77141,3.78508,0,-0.0179422,21.2674,2.3386,10.1304,19.5664
0.565801,0.413121,2.50403,-0.00829637,0.0107908,-0.019531,3.73827,3.76053,3.77715,3.7529,3.76036,3.77346,0,-0.0176064,21.202,3.38953,10.1585,19.531
0.574258,0.428347,2.50334,-0.00581539,0.0121011,-0.0194205,3.73945,3.76087,3.77739,3.75459,3.76213,3.77455,0,-0.0171496,21.2079,4.74096,9.95957,19.4205
0.581812,0.445305,2.50304,-0.00299429,0.0132217,-0.0192196,3.7415,3.76007,3.77507,3.75432,3.76384,3.77694,0,-0.0166409,21.2105,7.11402,6.06783,19.2196
0.585763,0.456353,2.50297,-0.0011294,0.0137637,-0.019046,3.74178,3.76014,3.77501,3.75483,3.76401,3.77666,0,-0.0163094,21.2111,7.17802,6.31658,19.046
0.59133,0.47775,2.50309,0.00249729,0.014445,-0.0186078,3.74213,3.76004,3.77456,3.75529,3.76382,3.77576,0,-0.0156675,21.2104,7.01753,6.62924,18.6078
0.593366,0.490888,2.50337,0.00469161,0.0147025,-0.0182644,3.74212,3.75975,3.77399,3.7552,3.76336,3.7749,0,-0.0152734,21.2082,6.78262,6.74742,18.2644
0.594227,0.502455,2.50377,0.00661357,0.0148083,-0.0179067,3.75391,3.75805,3.76004,3.76806,3.76392,3.76193,0,-0,21.205,8.88244,6.79596,17.9067
0.593898,0.517288,2.50457,0.00909842,0.0147108,-0.0173554,3.75269,3.75658,3.75879,3.76698,3.76309,3.76089,0,-0,21.1985,9.41127,6.75123,17.3554
0.591888,0.530962,2.50568,0.0114485,0.0142942,-0.0167256,3.73659,3.74016,3.74251,3.75079,3.74722,3.74488,0,-0,21.1075,9.82351,6.56004,16.7256
0.589053,0.541027,2.50684,0.0132234,0.013686,-0.0161539,3.73186,3.73515,3.73753,3.7458,3.7425,3.74013,0,-0,21.0801,9.99455,6.28092,16.1539
0.583989,0.552221,2.50859,0.0152312,0.0125321,-0.0153524,3.72996,3.73091,3.73121,3.73929,3.73835,3.73805,0,-0,21.0564,9.93283,1.37614,15.3524
0.577964,0.560819,2.51015,0.0167846,0.0110548,-0.0145359,3.7305,3.73041,3.72983,3.73759,3.73768,3.73826,0,-0,21.0531,9.62328,-0.744637,14.5359
0.572574,0.566165,2.51122,0.0177427,0.00966239,-0.0138624,3.73206,3.73128,3.73004,3.73745,3.73823,3.73947,0,-0,21.0571,9.18604,-2.23219,13.8624
0.563164,0.572151,2.51253,0.0187768,0.00725926,-0.0127473,3.74677,3.74566,3.74312,3.74894,3.75005,3.75259,0,-0,21.131,6.5261,-4.04303,12.7473
0.55521,0.574804,2.51325,0.0191793,0.00528214,-0.0118299,3.74623,3.74438,3.74152,3.74723,3.74908,3.75195,0,-0,21.1247,6.66601,-5.22259,11.8299
0.546876,0.575708,2.51381,0.0192498,0.00326849,-0.0108698,3.74731,3.74262,3.74038,3.74438,3.74907,3.75131,0,-0,21.1197,6.69053,-7.67568,2.72429
0.538706,0.57494,2.5144,0.01906,0.00135503,-0.00991435,3.74739,3.74066,3.74058,3.74243,3.74916,3.74925,0,-0,21.1144,6.62454,-7.55672,-8.4292
0.528753,0.571901,2.51517,0.0184475,-0.000889592,-0.0087166,3.74604,3.73953,3.73963,3.74134,3.74784,3.74775,0,-0,21.1075,6.41167,-7.1065,-8.6014
0.519394,0.566879,2.51592,0.01741,-0.00287218,-0.00756754,3.74547,3.74023,3.73963,3.73951,3.74476,3.74536,0,-0,21.1008,2.82575,-6.47862,-8.3937
0.512748,0.561921,2.51644,0.0163349,-0.00421892,-0.0067466,3.74472,3.74007,3.73931,3.73857,3.74322,3.74399,0,-0,21.096,1.54536,-6.00496,-8.12905
0.503727,0.55304,2.51708,0.014325,-0.00601163,-0.00560718,3.74437,3.74074,3.73694,3.73678,3.74042,3.74422,0,-0,21.09,-0.306614,-8.23647,0
0.497494,0.545127,2.51745,0.0125418,-0.0072581,-0.0047826,3.75151,3.72608,3.74391,3.7431,3.72446,3.75071,0.0150752,-0,21.0865,-1.55153,-8.42467,0
0.490474,0.533846,2.51771,0.010023,-0.00870065,-0.00377541,3.75151,3.72618,3.74396,3.74239,3.72303,3.74994,0.0152858,-0,21.0839,-3.02322,-8.36721,0
0.486377,0.525572,2.51773,0.00820482,-0.00953643,-0.00310383,3.75166,3.72644,3.74425,3.74221,3.72237,3.74962,0.0154087,-0,21.0835,-3.90712,-8.21232,0
0.482404,0.515529,2.5176,0.00602235,-0.0103659,-0.00233442,3.75059,3.72701,3.74629,3.74376,3.72194,3.74806,0.0155279,-0,21.0845,-4.86038,-4.7572,0
0.478124,0.499895,2.51702,0.00267512,-0.0113201,-0.0011938,3.73962,3.7289,3.76026,3.73125,3.72153,3.76127,0.0156563,-0.0150032,21.0894,-7.07358,-5.19514,0
0.476558,0.490302,2.51646,0.000641092,-0.0117279,-0.000509384,3.74035,3.72971,3.76131,3.73182,3.72236,3.76249,0.0157033,-0.015291,21.0943,-7.05983,-5.38229,0
0.475711,0.475624,2.51528,-0.0024589,-0.0122203,0.000541876,3.75498,3.7445,3.77647,3.74637,3.73742,3.77799,0.0157287,-0.0157313,21.1785,-6.80136,-5.60823,0
0.476203,0.466503,2.51436,-0.00439184,-0.0124401,0.00121462,3.75801,3.7477,3.77988,3.74941,3.7408,3.78158,0.0157139,-0.0160049,21.197,-6.62428,-5.70914,0
0.478479,0.453649,2.51288,-0.00717912,-0.0125684,0.00221721,3.75962,3.75027,3.78209,3.74983,3.7411,3.7827,0.0156456,-0.0163905,21.2047,-8.80549,-5.76801,0
0.481165,0.445422,2.51202,-0.00905229,-0.0124849,0.00291501,3.74684,3.73795,3.76976,3.73687,3.72834,3.77013,0.015565,-0.0166373,21.1336,-9.21953,-5.72968,0
0.485713,0.436326,2.51131,-0.0112504,-0.0121516,0.00377586,3.74771,3.73938,3.77122,3.73774,3.7295,3.77131,0.0154286,-0.0169102,21.1401,-9.48665,-5.57672,0
0.491064,0.429175,2.51099,-0.013056,-0.0115903,0.00456757,3.74786,3.74004,3.77197,3.73816,3.73025,3.77187,0.0152681,-0.0171247,21.1432,-9.39511,-5.31913,0
0.498026,0.422953,2.51079,-0.0147062,-0.0106811,0.00542326,3.74596,3.7404,3.77416,3.74023,3.73098,3.77047,0.0150592,-0.0173114,21.1452,-9.04786,-1.13682,0
0.507078,0.418063,2.51074,-0.0161154,-0.0092696,0.00637695,3.73752,3.75486,3.76782,3.73397,3.74611,3.76262,0,-0.0174581,21.1458,-8.40628,0.918744,0
0.515816,0.415695,2.51083,-0.0169351,-0.00775078,0.00719819,3.73601,3.7534,3.76773,3.73507,3.74727,3.76253,0,-0.0175292,21.145,-5.88603,2.35837,0
0.522922,0.415079,2.511,-0.017304,-0.00648662,0.00782005,3.73533,3.7532,3.76794,3.73518,3.74693,3.76182,0,-0.0175476,21.1435,-6.01423,3.31495,0
0.533099,0.415912,2.51136,-0.0174684,-0.00463021,0.00866688,3.73325,3.75266,3.76891,3.73617,3.74633,3.75966,0,-0.0175226,21.1402,-6.07136,6.74046,0
0.544825,0.419108,2.51188,-0.0172689,-0.00244783,0.00960535,3.73234,3.75178,3.7681,3.73555,3.74553,3.75863,0,-0.0174268,21.1355,-6.00204,7.03003,0
0.5534,0.422878,2.51231,-0.0168561,-0.000840041,0.0102802,3.73272,3.75004,3.76819,3.73397,3.74588,3.75695,0,-0.0173137,21.1316,-5.85854,6.92178,-10.2802
0.565928,0.430575,2.51298,-0.0157832,0.00142898,0.0112653,3.73124,3.74705,3.76588,3.73367,3.74671,3.75671,0,-0.0170827,21.1255,-2.37704,6.43289,-11.2653
0.575329,0.43816,2.51347,-0.0145421,0.00307824,0.0120083,3.73047,3.74538,3.76439,3.73321,3.74676,3.7562,0,-0.0168552,21.1209,-0.869506,6.05964,-12.0083
0.582113,0.444694,2.5138,-0.013376,0.00425585,0.0125377,3.72997,3.74424,3.76336,3.73295,3.74681,3.75582,0,-0.0166592,21.1178,0.185155,5.82992,-12.5377
0.591724,0.455691,2.51418,-0.0113625,0.00594616,0.0132812,3.7282,3.74277,3.76322,3.73398,3.74698,3.75409,0,-0.0163293,21.1142,1.62049,8.26576,-13.2812
0.600499,0.467894,2.5144,-0.00910197,0.00755475,0.0139621,3.72765,3.74161,3.76242,3.73439,3.74737,3.75351,0,-0.0159632,21.112,2.99105,8.67999,-13.9621
0.60719,0.479031,2.51443,-0.00702174,0.00884796,0.014491,3.72755,3.74093,3.76192,3.73491,3.74791,3.7533,0,-0.0156291,21.1116,4.06897,8.85203,-14.491
0.613987,0.492716,2.51427,-0.00446299,0.0101747,0.0150487,3.7276,3.73973,3.76107,3.73603,3.74959,3.75395,0,-0.0152185,21.113,6.72903,8.61719,-15.0487
0.619158,0.505723,2.51391,-0.00203874,0.0111745,0.015502,3.7426,3.74021,3.74723,3.74783,3.75023,3.74321,0,-0,21.1161,6.79804,5.12832,-15.502
0.623303,0.519324,2.51334,0.000471196,0.0119537,0.0159086,3.74343,3.74117,3.74838,3.7488,3.75106,3.74385,0,-0,21.1212,6.59239,5.4859,-15.9086
0.626216,0.533225,2.51257,0.0029714,0.0125042,0.0162591,3.74463,3.74248,3.74981,3.75004,3.75219,3.74487,0,-0,21.1281,6.36281,5.73855,-16.2591
0.627588,0.545119,2.51177,0.00513681,0.0128493,0.0165085,3.74544,3.74289,3.75076,3.7518,3.75435,3.74648,0,-0,21.1353,8.0006,5.89694,-16.5085
0.627798,0.556373,2.51089,0.00725669,0.0130339,0.0167,3.74666,3.74395,3.75205,3.75337,3.75608,3.74797,0,-0,21.1432,8.60247,5.98164,-16.7
0.626785,0.567221,2.50997,0.00939733,0.0130203,0.0168378,3.74804,3.74519,3.75343,3.75494,3.75779,3.74955,0,-0,21.1515,9.03568,5.97541,-16.8378
0.624978,0.5755,2.50923,0.0110799,0.0128218,0.016905,3.74923,3.74629,3.75454,3.75612,3.75906,3.75081,0,-0,21.1582,9.18258,5.8843,-16.905
0.621877,0.583884,2.50849,0.0128295,0.0123627,0.0169283,3.75052,3.74748,3.75564,3.75722,3.76027,3.75211,0,-0,21.1649,9.19371,5.67359,-16.9283
0.617141,0.591772,2.50784,0.0145315,0.0115192,0.0168875,3.75178,3.74862,3.75655,3.75804,3.7612,3.75327,0,-0,21.1708,9.00191,5.28649,-16.8875
0.611198,0.597866,2.50747,0.0159121,0.0102976,0.0167775,3.75491,3.74943,3.75478,3.75609,3.76157,3.75622,0,-0,21.1741,8.60601,-0.145704,-16.7775
0.605843,0.601281,2.50742,0.0167409,0.00907284,0.0166446,3.75644,3.75098,3.75487,3.75474,3.7602,3.75632,0,-0,21.1746,5.81851,-1.74712,-16.6446
0.597582,0.604006,2.50771,0.017511,0.0070104,0.0163928,3.75679,3.7504,3.75341,3.75347,3.75985,3.75685,0,-0,21.172,6.08616,-3.74832,-16.3928
0.589219,0.604423,2.50839,0.0178524,0.00490561,0.0160833,3.75728,3.74931,3.75067,3.75086,3.75882,3.75746,0,-0,21.166,6.20482,-7.31946,-16.0833
0.581449,0.603073,2.5093,0.017924,0.00297339,0.0157459,3.74254,3.73459,3.73585,3.73611,3.74407,3.74281,0,-0,21.0829,6.22973,-7.41566,-15.7459
0.57256,0.599642,2.51064,0.0177077,0.000823496,0.0152961,3.73688,3.72918,3.73049,3.7308,3.73849,3.73718,0,-0,21.052,6.15453,-7.07672,-15.2961
0.566014,0.595829,2.51178,0.0173174,-0.000672956,0.014914,3.73427,3.72688,3.72827,3.72858,3.73597,3.73458,0,-0,21.0383,6.0189,-6.6433,-14.914
0.558348,0.589888,2.51305,0.0165594,-0.00235218,0.0144019,3.73488,3.72787,3.72932,3.72959,3.7366,3.73515,0,-0,21.0429,5.75543,-6.16453,-14.4019
0.549552,0.580851,2.51418,0.0151839,-0.00423492,0.0137073,3.74856,3.74306,3.74344,3.74152,3.74701,3.74664,0,-0,21.1151,1.30098,-5.67337,-13.7073
0.542015,0.57079,2.51472,0.0134189,-0.0058709,0.012988,3.74912,3.74319,3.74191,3.73917,3.7451,3.74638,0,-0,21.1101,-0.523552,-7.98928,-12.988
0.535751,0.560257,2.51486,0.0114123,-0.00731138,0.0122621,3.74933,3.74372,3.74175,3.73841,3.74402,3.746,0,-0,21.1085,-1.94497,-8.4132,-12.2621
0.531117,0.550662,2.51487,0.00956764,-0.00846126,0.0116096,3.74957,3.74428,3.74183,3.73807,3.74335,3.7458,0,-0,21.1082,-3.00062,-8.57344,-11.6096
0.52612,0.537554,2.51472,0.00705423,-0.00976726,0.0107151,3.74992,3.74518,3.74231,3.7381,3.74285,3.74571,0,-0,21.1093,-4.18249,-8.43308,-10.7151
0.52256,0.524882,2.5144,0.00463691,-0.0107695,0.00983553,3.74849,3.74803,3.74403,3.74048,3.74094,3.74494,0,-0,21.112,-6.80662,-4.94242,0
0.520184,0.512466,2.51393,0.00227429,-0.0115231,0.00894837,3.74938,3.74879,3.74461,3.74104,3.74164,3.74581,0,-0,21.1161,-6.85851,-5.28828,0
0.518794,0.498475,2.51321,-0.000361494,-0.0121443,0.0079138,3.73788,3.74979,3.75825,3.72939,3.74287,3.75981,0,-0.0150457,21.1224,-6.64711,-5.57339,0
0.518783,0.485247,2.51235,-0.00277198,-0.0126062,0.00691402,3.73888,3.75094,3.75973,3.73039,3.7444,3.76168,0,-0.0154426,21.13,-6.28051,-5.78535,0
0.520027,0.473005,2.51142,-0.00497901,-0.0128986,0.00595426,3.74005,3.7523,3.7614,3.73154,3.74598,3.76357,0,-0.0158098,21.1382,-6.07299,-5.91955,0
0.522032,0.463276,2.51059,-0.00679326,-0.0129999,0.00514956,3.754,3.76706,3.77579,3.74427,3.75839,3.77684,0,-0.0161017,21.2148,-8.32839,-5.96602,0
0.525554,0.452533,2.50959,-0.00892378,-0.0129156,0.00419404,3.7432,3.75673,3.76558,3.73317,3.74737,3.76625,0,-0.016424,21.1546,-8.98616,-5.92734,0
0.52945,0.44435,2.50881,-0.0106774,-0.0126451,0.00339435,3.74428,3.75817,3.76719,3.73417,3.74843,3.76755,0,-0.0166695,21.1617,-9.35843,-5.8032,0
0.536184,0.434533,2.50812,-0.0129176,-0.0119378,0.00229643,3.74506,3.7594,3.76875,3.73514,3.74944,3.76872,0,-0.016964,21.168,-9.55963,-5.47858,0
0.543767,0.427149,2.50773,-0.0147443,-0.0108905,0.00128289,3.74336,3.75999,3.77169,3.73774,3.75013,3.76744,0,-0.0171855,21.1716,-9.46777,-0.758933,0
0.550453,0.422698,2.50759,-0.0159537,-0.00979959,0.000501659,3.74273,3.76012,3.77269,3.73864,3.75049,3.76716,0,-0.017319,21.173,-9.24117,0.79437,0
0.561389,0.418355,2.50768,-0.0173499,-0.00776728,-0.000640289,3.74071,3.75833,3.77281,3.74021,3.75205,3.76703,0,-0.0174493,21.1723,-6.0302,2.9318,0
0.569764,0.416963,2.50797,-0.0180326,-0.00614302,-0.00144491,3.73974,3.75802,3.77304,3.74024,3.75149,3.766,0,-0.0174911,21.1699,-6.26746,4.18199,0
0.578909,0.417052,2.50847,-0.0184683,-0.004337,-0.00228241,3.73757,3.75733,3.77373,3.74087,3.75064,3.76375,0,-0.0174884,21.1655,-6.4189,7.35766,0
0.58871,0.418844,2.50919,-0.0187,-0.00239016,-0.00315384,3.73646,3.75625,3.77267,3.73985,3.74948,3.7625,0,-0.0174347,21.1593,-6.49943,7.51327,0
0.599425,0.422741,2.51017,-0.0186741,-0.00026411,-0.00409618,3.72257,3.74222,3.7585,3.72588,3.73546,3.74842,0,-0.0173178,21.0802,-6.49044,7.42191,0
0.609618,0.428377,2.51126,-0.0183269,0.00170029,-0.00500227,3.7197,3.73901,3.755,3.72274,3.73237,3.74533,0,-0.0171487,21.0624,-6.36975,7.04426,0
0.620286,0.436471,2.51249,-0.0175408,0.00370669,-0.00598212,3.71923,3.73808,3.75376,3.72204,3.73173,3.74459,0,-0.0169059,21.058,-6.09653,6.64088,0
0.630387,0.446527,2.51342,-0.0162774,0.005605,-0.00696437,3.72873,3.74723,3.76479,3.73581,3.74534,3.75582,0,-0.0166042,21.1221,-1.81795,8.89413,0
0.63839,0.456512,2.51384,-0.0147908,0.00715297,-0.00780333,3.72763,3.74566,3.76363,3.73604,3.74553,3.75509,0,-0.0163047,21.1183,-0.12692,9.38642,0
0.646016,0.468164,2.5139,-0.012844,0.00869665,-0.00868095,3.7272,3.74464,3.76289,3.73676,3.74625,3.75494,0,-0.0159551,21.1174,1.54116,9.69866,0
0.653549,0.482546,2.51373,-0.0103345,0.0102538,-0.00967155,3.72734,3.744,3.76231,3.73776,3.74731,3.7552,0,-0.0155236,21.1186,3.17401,9.71942,0
0.658323,0.493897,2.51344,-0.00830521,0.0112561,-0.0104073,3.72684,3.7448,3.76106,3.73966,3.74733,3.75669,0,-0.0151831,21.1209,4.31992,9.52318,10.4073
0.66374,0.510506,2.51279,-0.00528976,0.0124061,-0.0114398,3.74187,3.7451,3.74701,3.75219,3.74897,3.74706,0,-0,21.1263,5.79498,5.6935,11.4398
0.667678,0.528224,2.51182,-0.0020318,0.0132613,-0.0125003,3.74253,3.74559,3.74802,3.7545,3.75144,3.74901,0,-0,21.1347,7.8941,6.08602,12.5003
0.669228,0.539289,2.51107,3.41107e-05,0.0136222,-0.0131353,3.75691,3.76013,3.76255,3.76922,3.766,3.76358,0,-0,21.2168,8.01899,6.25162,13.1353
0.670234,0.555667,2.50979,0.00317875,0.0140246,-0.0140471,3.76085,3.76431,3.76665,3.77351,3.77005,3.76771,0,-0,21.2399,8.05745,6.43629,14.0471
0.669779,0.569746,2.50856,0.00594181,0.0142179,-0.0148099,3.76147,3.76462,3.76736,3.77536,3.77221,3.76948,0,-0,21.2469,9.98383,6.52501,14.8099
0.667185,0.587381,2.50728,0.00953999,0.0141692,-0.0157507,3.74838,3.75142,3.75424,3.76297,3.75992,3.7571,0,-0,21.1751,11.0215,6.50268,15.7507
0.664423,0.597521,2.50681,0.0117082,0.0139277,-0.0162907,3.74905,3.75204,3.75482,3.76386,3.76087,3.7581,0,-0,21.1795,11.4357,6.39181,16.2907
0.660607,0.607267,2.50663,0.0138489,0.0134716,-0.0168156,3.7494,3.75234,3.75498,3.76424,3.7613,3.75866,0,-0,21.1815,11.6559,6.18251,16.8156
0.652816,0.620405,2.50667,0.0168261,0.0122925,-0.0175472,3.75141,3.75249,3.75296,3.76232,3.76125,3.76078,0,-0,21.1818,11.6035,1.70908,17.5472
0.646196,0.627777,2.50692,0.0185617,0.0111076,-0.0179852,3.75194,3.75236,3.75185,3.76116,3.76074,3.76125,0,-0,21.18,11.3215,-0.102088,17.9852
0.640076,0.632653,2.50728,0.0197565,0.00990208,-0.0183004,3.75214,3.75207,3.75075,3.75992,3.76,3.76131,0,-0,21.1771,10.9447,-1.53922,18.3004
0.628278,0.638342,2.50828,0.021274,0.00750664,-0.0187483,3.75245,3.75248,3.74925,3.75665,3.75663,3.75986,0,-0,21.1688,7.39405,-3.5514,18.7483
0.620557,0.640001,2.5091,0.0218249,0.00592077,-0.0189595,3.73789,3.73739,3.73366,3.7412,3.7417,3.74543,0,-0,21.0841,7.58554,-4.69078,18.9595
0.61049,0.640135,2.51034,0.0221174,0.00384241,-0.0191605,3.73458,3.73272,3.7276,3.73524,3.7371,3.74221,0,-0,21.058,7.6872,-7.73273,19.1605
0.600986,0.638356,2.51162,0.0220793,0.00188985,-0.0192847,3.73245,3.73058,3.72539,3.73304,3.73492,3.74011,0,-0,21.0458,7.67395,-7.83221,19.2847
0.589348,0.633773,2.51299,0.0216117,-0.000478934,-0.0193578,3.73408,3.73234,3.72717,3.73475,3.7365,3.74167,0,-0,21.0552,7.51142,-7.65983,19.3578
0.57791,0.626631,2.51391,0.0206167,-0.00272172,-0.0193478,3.74612,3.74548,3.73965,3.74547,3.74611,3.75194,0,-0,21.1194,4.1285,-7.16789,19.3478
0.567705,0.617844,2.51426,0.0191636,-0.00467021,-0.0192645,3.74583,3.74585,3.73972,3.7445,3.74448,3.75062,0,-0,21.1158,2.18605,-6.77603,19.2645
0.560258,0.609785,2.51425,0.0176955,-0.00608957,-0.0191522,3.74729,3.74654,3.73891,3.74293,3.74368,3.75131,0,-0,21.1155,0.744221,-9.28905,19.1522
0.550928,0.597307,2.51404,0.0153462,-0.00790773,-0.0189352,3.74824,3.7477,3.73942,3.74244,3.74298,3.75127,0,-0,21.1168,-1.0832,-9.77882,18.9352
0.543188,0.584347,2.51362,0.0128543,-0.00947923,-0.0186685,3.74934,3.74909,3.74034,3.74246,3.74271,3.75146,0,-0,21.12,-2.73104,-9.97782,18.6685
0.535729,0.568554,2.51288,0.009766,-0.0109993,-0.0182976,3.75082,3.75106,3.742,3.74311,3.74288,3.75193,0,-0,21.126,-4.5228,-9.7741,18.2976
0.531687,0.557865,2.51224,0.0076575,-0.0118103,-0.0180198,3.75188,3.7525,3.74342,3.74394,3.74331,3.7524,0,-0,21.1313,-5.54447,-9.37843,18.0198
0.526671,0.540701,2.51101,0.00426358,-0.0127905,-0.0175257,3.76782,3.77071,3.76253,3.76143,3.75855,3.76673,0,-0,21.2256,-8.47591,-5.86995,17.5257
0.523873,0.526998,2.50986,0.00155492,-0.0133044,-0.017084,3.77183,3.77454,3.76633,3.76512,3.76241,3.77062,0,-0,21.2472,-8.53862,-6.10579,17.084
0.521911,0.510863,2.50838,-0.0016277,-0.0136334,-0.0165006,3.77372,3.77619,3.76807,3.76686,3.76438,3.77251,0,-0,21.2575,-8.33436,-6.25678,16.5006
0.521425,0.495111,2.50715,-0.00466152,-0.0137513,-0.0158511,3.74633,3.76132,3.7662,3.73953,3.75011,3.7708,0,-0.0151467,21.1753,-7.8813,-6.31086,15.8511
0.522224,0.481749,2.50641,-0.00719597,-0.0136629,-0.015223,3.74775,3.76353,3.76834,3.73979,3.75026,3.7717,0,-0.0155475,21.182,-9.96206,-6.27029,15.223
0.524727,0.466523,2.506,-0.0100968,-0.013268,-0.014392,3.74823,3.76446,3.76975,3.73997,3.75075,3.77248,0,-0.0160043,21.186,-10.5481,-6.08908,14.392
0.528665,0.453277,2.50584,-0.0127276,-0.0125462,-0.013523,3.74824,3.7649,3.77074,3.73992,3.75095,3.7728,0,-0.0164017,21.1878,-10.9237,-5.7578,13.523
0.533995,0.441743,2.5059,-0.0150804,-0.0114562,-0.0125882,3.74588,3.76478,3.77322,3.74165,3.75103,3.77086,0,-0.0167477,21.1876,-10.9113,-1.03885,12.5882
0.540312,0.432487,2.50623,-0.017006,-0.0100345,-0.0116275,3.74432,3.76409,3.77392,3.74186,3.75083,3.76973,0,-0.0170254,21.1851,-10.6158,0.957806,11.6275
0.545279,0.427243,2.50664,-0.0181125,-0.00884571,-0.0109298,3.743,3.76325,3.77401,3.74173,3.75049,3.76873,0,-0.0171827,21.1818,-10.2598,2.22387,10.9298
0.552844,0.42164,2.50747,-0.0193076,-0.0070477,-0.00992221,3.74265,3.75981,3.77514,3.73931,3.75145,3.76541,0,-0.0173508,21.1748,-9.53423,3.54016,-8.26989
0.561013,0.418076,2.50861,-0.0200802,-0.00515096,-0.0088749,3.72378,3.74083,3.75749,3.72277,3.73518,3.748,0,-0.0174577,21.0755,-6.97912,4.6974,-8.53932
0.569242,0.416619,2.51001,-0.0204026,-0.00328141,-0.00784149,3.71696,3.73519,3.75298,3.71811,3.72943,3.74118,0,-0.0175014,21.0433,-7.09118,7.17375,-8.58722
0.579436,0.41743,2.51197,-0.0202533,-0.0010269,-0.00662266,3.71288,3.73109,3.74875,3.71402,3.72532,3.73716,0,-0.0174771,21.0202,-7.03928,7.05439,-8.2234
0.588923,0.420654,2.51364,-0.0196591,0.000996975,-0.00553859,3.71331,3.73275,3.74864,3.71574,3.72563,3.73909,0,-0.0173804,21.0258,-6.83277,6.64486,0
0.596823,0.425197,2.51473,-0.0187878,0.00258965,-0.00465535,3.72797,3.74617,3.7626,3.73171,3.74262,3.7553,0,-0.0172441,21.1115,-3.40975,6.12256,0
0.605697,0.432508,2.51551,-0.0172976,0.00430027,-0.00365775,3.72664,3.74393,3.76043,3.73088,3.74233,3.75458,0,-0.0170248,21.1044,-1.53987,5.59048,0
0.612186,0.439549,2.51577,-0.0157922,0.00552686,-0.00289266,3.72502,3.74274,3.76039,3.73192,3.74258,3.75332,0,-0.0168135,21.1017,-0.150907,7.74011,0
0.619854,0.450144,2.51594,-0.013535,0.0069921,-0.00191924,3.72437,3.74153,3.75947,3.73239,3.74307,3.75299,0,-0.0164957,21.0997,1.47977,8.03429,0
0.626387,0.461739,2.51592,-0.0110875,0.00828017,-0.000992893,3.72422,3.74071,3.75875,3.73304,3.74381,3.75303,0,-0.0161478,21.0994,2.9766,8.05987,0
0.630558,0.470914,2.51577,-0.00916301,0.00909333,-0.000323443,3.72612,3.74036,3.75668,3.73198,3.74454,3.75501,0,-0.0158726,21.1005,4.01117,4.17319,0
0.635844,0.48577,2.51528,-0.0060738,0.010087,0.000686022,3.72662,3.74031,3.75684,3.73363,3.74598,3.75549,0,-0.0154269,21.1044,5.44128,4.6292,0
0.639394,0.499658,2.51457,-0.00321046,0.0107349,0.00157982,3.72731,3.74019,3.75709,3.73577,3.74823,3.75667,0,-0.0150103,21.1104,7.72036,4.92658,0
0.641767,0.51376,2.5136,-0.000314111,0.0112655,0.00246489,3.75406,3.75438,3.75873,3.76275,3.76243,3.75809,0,-0,21.1905,7.72246,5.17008,0
0.642854,0.526163,2.51256,0.00220485,0.0116204,0.00324157,3.75786,3.75833,3.76267,3.76655,3.76609,3.76174,0,-0,21.2119,7.45421,5.33295,0
0.642955,0.538787,2.51137,0.00471527,0.0118434,0.00404654,3.75933,3.75992,3.76423,3.76795,3.76736,3.76305,0,-0,21.22,7.14455,5.43528,0
0.641866,0.55179,2.51027,0.00733564,0.0118795,0.00491327,3.746,3.746,3.75091,3.75583,3.75583,3.75091,0,-0,21.1482,9.43543,5.45187,0
0.639317,0.5647,2.50949,0.0100516,0.0116384,0.00584247,3.74714,3.74692,3.75196,3.75722,3.75744,3.7524,0,-0,21.1554,10.0985,5.34122,0
0.635718,0.575404,2.50915,0.0124398,0.0111185,0.00670324,3.74778,3.74737,3.75238,3.7578,3.7582,3.75319,0,-0,21.1588,10.3992,5.10261,0
0.631411,0.583981,2.50898,0.0144141,0.0103595,0.00749694,3.74829,3.74774,3.75258,3.75795,3.7585,3.75366,0,-0,21.1607,10.322,4.75427,0
0.62716,0.590049,2.50895,0.0158413,0.00950984,0.00815804,3.75059,3.74796,3.75057,3.75582,3.75846,3.75584,0,-0,21.1612,10.0832,-0.0207609,0
0.620062,0.59694,2.50916,0.0175027,0.00791702,0.00911684,3.75144,3.74804,3.74954,3.75445,3.75785,3.75635,0,-0,21.1597,9.4236,-2.11259,0
0.61519,0.60001,2.50945,0.0182716,0.00672147,0.0097123,3.75235,3.74921,3.74938,3.75268,3.75582,3.75565,0,-0,21.1573,6.35053,-3.29032,0
0.607676,0.60274,2.51011,0.0190052,0.00485794,0.0105708,3.75383,3.74707,3.74775,3.74919,3.75595,3.75527,0,-0,21.1516,6.60551,-6.74209,-10.5708
0.598863,0.603361,2.51119,0.0193095,0.00270896,0.0115234,3.73922,3.7322,3.73306,3.73437,3.74138,3.74053,0,-0,21.0686,6.71128,-6.83033,-11.5234
0.591426,0.601947,2.51232,0.0192358,0.000945905,0.0122998,3.73475,3.72772,3.72884,3.72999,3.73701,3.7359,0,-0,21.0437,6.68566,-6.55391,-12.2998
0.58251,0.597956,2.51387,0.0187273,-0.00102177,0.0131824,3.73219,3.72535,3.72689,3.72779,3.73463,3.73309,0,-0,21.0303,6.50891,-5.8738,-13.1824
0.574781,0.59235,2.51506,0.0178293,-0.00261614,0.013911,3.74672,3.74086,3.74192,3.74093,3.7468,3.74574,0,-0,21.1083,3.16692,-5.32637,-13.911
0.567473,0.584956,2.51587,0.0164757,-0.0040714,0.0145768,3.74573,3.74039,3.74133,3.73932,3.74466,3.74372,0,-0,21.1009,1.43946,-4.873,-14.5768
0.562736,0.578878,2.5162,0.0152813,-0.0050155,0.0149996,3.7464,3.74035,3.74017,3.73752,3.74357,3.74375,0,-0,21.0977,0.361985,-6.89999,-14.9996
0.556238,0.568457,2.51658,0.0132094,-0.00635798,0.0155729,3.74634,3.74042,3.73981,3.73625,3.74217,3.74279,0,-0,21.094,-1.15453,-7.24258,-15.5729
0.550783,0.55716,2.51677,0.0109556,-0.00756301,0.0160547,3.74644,3.74074,3.73979,3.73542,3.74112,3.74207,0,-0,21.0919,-2.54944,-7.36564,-16.0547
0.546865,0.546829,2.51677,0.00888513,-0.00845549,0.016407,3.74515,3.74124,3.74165,3.73662,3.74052,3.74012,0,-0,21.0917,-3.67725,-3.88047,-16.407
0.54278,0.532425,2.5165,0.00599364,-0.00941523,0.0167927,3.7461,3.74228,3.74221,3.7364,3.74022,3.7403,0,-0,21.0938,-5.03059,-4.32092,-16.7927
0.540234,0.519049,2.51597,0.00330851,-0.0100725,0.0170614,3.74763,3.7442,3.74346,3.73644,3.73987,3.74061,0,-0,21.0982,-7.26743,-4.62255,-17.0614
0.538865,0.506575,2.51525,0.000801135,-0.0105968,0.0172439,3.74886,3.74529,3.74448,3.73742,3.74099,3.74181,0,-0,21.1044,-7.26728,-4.86317,-17.2439
0.538475,0.493703,2.51427,-0.00176202,-0.01104,0.0173658,3.75089,3.75994,3.77195,3.73939,3.75597,3.7696,0,-0.0151889,21.188,-6.97175,-5.0666,-17.3658
0.538982,0.483167,2.51328,-0.00380812,-0.0113082,0.0174144,3.75404,3.76321,3.77553,3.7426,3.75961,3.77346,0,-0.015505,21.2074,-6.62206,-5.18967,-17.4144
0.540677,0.470699,2.51195,-0.00620799,-0.0114776,0.0174077,3.75598,3.76591,3.77804,3.74353,3.76041,3.77509,0,-0.015879,21.2173,-8.45044,-5.2674,-17.4077
0.543685,0.458732,2.51081,-0.00860818,-0.0114279,0.0173241,3.74277,3.75319,3.76545,3.73003,3.74703,3.76218,0,-0.016238,21.1437,-9.0638,-5.24461,-17.3241
0.547404,0.449151,2.51014,-0.0106556,-0.0111609,0.0171865,3.74363,3.75446,3.76691,3.73086,3.74792,3.76337,0,-0.0165255,21.1498,-9.40454,-5.12207,-17.1865
0.551854,0.44107,2.50984,-0.0124629,-0.0106833,0.0169998,3.74386,3.75505,3.76774,3.73126,3.74838,3.76399,0,-0.0167679,21.1527,-9.49892,-4.90288,-16.9998
0.558108,0.43314,2.50968,-0.0143299,-0.00981971,0.0167128,3.74371,3.7553,3.76835,3.7316,3.74872,3.76438,0,-0.0170058,21.1544,-9.352,-4.50655,-16.7128
0.565074,0.427257,2.50972,-0.015817,-0.00865646,0.0163691,3.74104,3.75513,3.77075,3.73396,3.74887,3.76226,0,-0.0171823,21.1544,-8.98413,0.775879,-16.3691
0.571589,0.423724,2.50991,-0.0168098,-0.00740481,0.0160281,3.73911,3.75326,3.77043,3.73517,3.75021,3.76222,0,-0.0172883,21.1528,-5.84245,2.36706,-16.0281
0.580863,0.421191,2.51041,-0.0177209,-0.00542119,0.0155099,3.73752,3.75271,3.77057,3.73511,3.74923,3.76068,0,-0.0173643,21.1486,-6.15911,4.14545,-15.5099
0.589975,0.421065,2.51114,-0.0181854,-0.00342856,0.0149554,3.73515,3.75174,3.7707,3.73526,3.74799,3.75834,0,-0.0173681,21.1423,-6.32056,6.9096,-14.9554
0.596881,0.422371,2.51182,-0.0183532,-0.00191576,0.0145002,3.73409,3.75077,3.76962,3.73429,3.74687,3.75727,0,-0.0173289,21.1364,-6.37889,6.95475,-14.5002
0.607258,0.426552,2.51302,-0.0182784,0.000326554,0.0137472,3.71933,3.7359,3.75437,3.71942,3.73189,3.74245,0,-0.0172035,21.0523,-6.3529,6.6559,-13.7472
0.61338,0.430318,2.51381,-0.0180131,0.00160152,0.013255,3.7176,3.734,3.75216,3.71754,3.72999,3.74068,0,-0.0170904,21.0416,-6.26067,6.33017,-13.255
0.62321,0.438614,2.51512,-0.0171505,0.00359984,0.0123687,3.72957,3.74564,3.76329,3.72941,3.74177,3.75255,0,-0.0168416,21.1076,-5.96089,5.86241,-12.3687
0.63088,0.447343,2.51586,-0.0159897,0.00516122,0.0115699,3.7265,3.74232,3.76162,3.73055,3.74272,3.75141,0,-0.0165797,21.1009,-1.71266,7.9048,-11.5699
0.636846,0.455845,2.51619,-0.0146786,0.00641426,0.0108589,3.72555,3.74106,3.76057,3.73084,3.74289,3.75094,0,-0.0163246,21.0978,-0.21744,8.27015,-10.8589
0.643739,0.468171,2.5164,-0.0125459,0.00795236,0.0098951,3.72383,3.74073,3.7585,3.73242,3.74245,3.75162,0,-0.0159549,21.0957,1.64856,8.57518,0
0.650006,0.482869,2.51633,-0.00987551,0.00941909,0.00880074,3.72381,3.73988,3.7577,3.73326,3.74338,3.75175,0,-0.0155139,21.0959,3.35572,8.52817,0
0.653394,0.493143,2.51609,-0.0079689,0.0102479,0.00805699,3.72586,3.73967,3.75577,3.73238,3.74424,3.75381,0,-0.0152057,21.0977,4.3833,4.70304,0
0.657367,0.509513,2.51542,-0.00490068,0.0112805,0.00691496,3.73866,3.73904,3.74333,3.74725,3.74687,3.74258,0,-0,21.1034,7.51952,5.17694,0
0.659624,0.524596,2.51448,-0.00205682,0.011991,0.00588953,3.75269,3.75317,3.75765,3.76166,3.76118,3.75669,0,-0,21.1835,7.68553,5.50301,0
0.660485,0.53625,2.51356,0.000151348,0.0124694,0.00510065,3.75652,3.75711,3.76169,3.76567,3.76508,3.76051,0,-0,21.2057,7.6488,5.72257,0
0.660301,0.55343,2.51197,0.00341422,0.0130411,0.00391933,3.75941,3.76016,3.76481,3.76871,3.76796,3.76331,0,-0,21.2223,7.48607,5.98493,0
0.659245,0.563938,2.51104,0.00544396,0.0132867,0.00317345,3.75855,3.75889,3.76406,3.76888,3.76855,3.76338,0,-0,21.2204,9.27295,6.09765,0
0.656345,0.578625,2.50994,0.00838478,0.0134409,0.00207832,3.74609,3.74623,3.75166,3.75694,3.7568,3.75138,0,-0,21.1516,10.1461,6.16844,0
0.65259,0.590223,2.50934,0.0108423,0.0133375,0.0011435,3.74697,3.74694,3.75249,3.75808,3.75811,3.75256,0,-0,21.1573,10.7297,6.12098,0
0.646288,0.603104,2.509,0.0137086,0.0128515,-1.84522e-05,3.74762,3.7474,3.75294,3.7587,3.75892,3.75338,0,-0,21.1609,11.0617,5.89791,0
0.639739,0.61222,2.50886,0.0158395,0.0121034,-0.00097806,3.74807,3.7477,3.75308,3.75884,3.75922,3.75383,0,-0,21.1626,11.0617,5.55461,0
0.632104,0.619664,2.50884,0.0176779,0.0110103,-0.00192721,3.75054,3.74791,3.75092,3.75656,3.7592,3.75619,0,-0,21.1631,10.8323,0.41701,0
0.623864,0.625093,2.50897,0.0191286,0.00961569,-0.00282777,3.75139,3.74798,3.75,3.75542,3.75882,3.75681,0,-0,21.1623,10.4079,-1.54062,0
0.61603,0.628376,2.50921,0.0201232,0.00813767,-0.00360805,3.75185,3.7479,3.74911,3.75426,3.7582,3.757,0,-0,21.1603,9.88357,-3.03414,0
0.605284,0.630498,2.50971,0.0210008,0.00604392,-0.00460493,3.75247,3.7485,3.74833,3.75213,3.7561,3.75627,0,-0,21.1561,7.2991,-4.58434,0
0.594857,0.630307,2.51034,0.0213921,0.00398192,-0.00552376,3.75286,3.74745,3.74591,3.74978,3.7552,3.75674,0,-0,21.1505,7.43511,-7.70871,0
0.582468,0.627477,2.51125,0.0213448,0.00150237,-0.00658583,3.75155,3.74604,3.74439,3.74826,3.75377,3.75541,0,-0,21.1425,7.41866,-7.93238,0
0.574328,0.624126,2.51192,0.021061,-0.00012935,-0.00728052,3.75046,3.74504,3.74343,3.74724,3.75267,3.75428,0,-0,21.1366,7.32001,-7.793,0
0.562938,0.617389,2.51292,0.0202811,-0.00235954,-0.00826912,3.74879,3.74361,3.7421,3.74577,3.75095,3.75246,0,-0,21.1278,7.04896,-7.41609,0
0.553963,0.610262,2.51371,0.0192833,-0.00408897,-0.00907685,3.74841,3.7444,3.742,3.7436,3.74761,3.75002,0,-0,21.1206,3.07973,-7.10862,0
0.543153,0.599222,2.51465,0.0174962,-0.00618438,-0.0101089,3.74761,3.74494,3.73894,3.74137,3.74404,3.75004,0,-0,21.112,0.973448,-9.60844,10.1089
0.535976,0.590113,2.51522,0.0158582,-0.00761756,-0.0108494,3.7472,3.74485,3.73812,3.7399,3.74225,3.74898,0,-0,21.1067,-0.52552,-10.0599,10.8494
0.525077,0.572646,2.5159,0.0125849,-0.00992705,-0.0121063,3.74674,3.745,3.73723,3.73808,3.73983,3.7476,0,-0,21.1003,-2.76158,-10.5441,12.1063
0.519308,0.560842,2.51609,0.0103316,-0.0111981,-0.0128593,3.74665,3.7454,3.73717,3.7375,3.73875,3.74698,0,-0,21.0984,-4.03836,-10.5064,12.8593
0.514804,0.549656,2.51609,0.00817582,-0.0122131,-0.0135192,3.74677,3.74601,3.73745,3.73733,3.73809,3.74666,0,-0,21.0983,-5.14207,-10.3339,13.5192
0.508897,0.530091,2.51566,0.00440047,-0.0135829,-0.0145764,3.74628,3.74839,3.74065,3.7391,3.73699,3.74472,0,-0,21.1019,-8.28593,-6.23358,14.5764
0.506139,0.516381,2.51504,0.00175193,-0.0142525,-0.0152597,3.74731,3.74943,3.74141,3.73995,3.73783,3.74585,0,-0,21.1072,-8.36595,-6.5409,15.2597
0.504273,0.499603,2.51395,-0.00148732,-0.0147764,-0.0160452,3.75074,3.76551,3.76996,3.74341,3.75397,3.77487,0,-0.0150119,21.198,-8.16054,-6.7813,16.0452
0.504117,0.483219,2.5125,-0.00457606,-0.0150852,-0.0167665,3.75612,3.77127,3.77605,3.74903,3.76005,3.78145,0,-0.0155034,21.2314,-7.72029,-6.92303,16.7665
0.504972,0.472691,2.5114,-0.00654262,-0.0151603,-0.0172097,3.75857,3.7746,3.779,3.75046,3.76115,3.78345,0,-0.0158193,21.2438,-9.77999,-6.95751,17.2097
0.507828,0.457254,2.50985,-0.00951586,-0.0150256,-0.0178364,3.7572,3.77397,3.77846,3.74884,3.75955,3.78254,0,-0.0162824,21.2376,-10.5978,-6.89569,17.8364
0.512709,0.442813,2.5087,-0.0124791,-0.014509,-0.0183978,3.74371,3.76122,3.76592,3.73535,3.74605,3.76957,0,-0.0167156,21.1636,-11.2129,-6.65859,18.3978
0.518675,0.431504,2.50818,-0.0149113,-0.0136703,-0.0188202,3.74413,3.76223,3.76726,3.73611,3.7468,3.77056,0,-0.0170549,21.1685,-11.3861,-6.27371,18.8202
0.525423,0.422654,2.50808,-0.0168947,-0.0125483,-0.0191387,3.74167,3.76242,3.77004,3.73855,3.74704,3.76866,0,-0.0173204,21.1697,-11.2862,-0.968732,19.1387
0.531871,0.416563,2.50813,-0.0183148,-0.0113424,-0.0193503,3.74061,3.76226,3.77084,3.73922,3.74712,3.76809,0,-0.0175031,21.1695,-11.0097,0.753108,19.3503
0.540852,0.410716,2.50835,-0.0197536,-0.0095042,-0.0195452,3.73911,3.76169,3.77142,3.73984,3.7471,3.76721,0,-0.0176785,21.1679,-10.4455,2.73487,19.5452
0.553137,0.406353,2.50887,-0.0209696,-0.00693215,-0.0196821,3.73647,3.75926,3.77079,3.74066,3.74794,3.76647,0,-0.0178094,21.1634,-7.28827,4.71819,19.6821
0.563281,0.405251,2.50948,-0.0214488,-0.00480092,-0.0197091,3.73395,3.75841,3.77153,3.74126,3.74691,3.76392,0,-0.0178425,21.1581,-7.4548,8.27073,19.7091
0.574202,0.406243,2.51027,-0.0215281,-0.00252179,-0.0196655,3.73269,3.75718,3.77033,3.74009,3.74566,3.76259,0,-0.0178127,21.1511,-7.48235,8.39186,19.6655
0.58172,0.408157,2.51089,-0.0213806,-0.00098004,-0.0195952,3.73184,3.75618,3.76923,3.7391,3.74473,3.76165,0,-0.0177553,21.1457,-7.43111,8.22449,19.5952
0.594055,0.413448,2.512,-0.0207529,0.00142678,-0.0194115,3.71797,3.74183,3.75457,3.72479,3.73064,3.74759,0,-0.0175965,21.0655,-7.21295,7.65009,19.4115
0.606074,0.421299,2.51315,-0.0195869,0.00364704,-0.0191445,3.71554,3.73789,3.75124,3.72383,3.73079,3.74674,0,-0.017361,21.0548,-3.32804,7.08165,19.1445
0.613912,0.427995,2.5139,-0.0184567,0.00505377,-0.0189169,3.7258,3.74845,3.76295,3.73659,3.74291,3.75738,0,-0.0171601,21.1187,-1.87773,9.06449,18.9169
0.626659,0.441998,2.51471,-0.0158362,0.00733384,-0.0184349,3.72393,3.74573,3.76087,3.73644,3.74291,3.75602,0,-0.0167401,21.111,0.643189,9.62129,18.4349
0.63506,0.45383,2.51484,-0.0135318,0.00885796,-0.018017,3.72351,3.74456,3.75997,3.73692,3.74353,3.75577,0,-0.0163851,21.1095,2.28501,9.76058,18.017
0.641691,0.465129,2.51477,-0.0112964,0.0100434,-0.0176064,3.72357,3.74385,3.75936,3.73752,3.74434,3.75591,0,-0.0160461,21.1098,3.67017,9.64338,17.6064
0.649598,0.481864,2.51436,-0.0079702,0.01141,-0.0169707,3.72436,3.74345,3.75893,3.73871,3.74586,3.75663,0,-0.0155441,21.113,5.39594,9.23073,16.9708
0.653712,0.492733,2.51391,-0.00581072,0.0120817,-0.0165363,3.72675,3.74357,3.75744,3.7382,3.74707,3.75889,0,-0.015218,21.1167,6.36782,5.54464,16.5363
0.658973,0.510685,2.51287,-0.00224503,0.0128634,-0.0157724,3.75335,3.75677,3.75868,3.76613,3.76271,3.76081,0,-0,21.198,8.57492,5.90337,15.7724
0.662201,0.526902,2.51163,0.000964724,0.0132618,-0.0150218,3.75851,3.76188,3.764,3.77129,3.76792,3.7658,0,-0,21.2271,8.52916,6.08623,15.0218
0.664103,0.544673,2.51005,0.00448806,0.013486,-0.0141137,3.76096,3.76426,3.76654,3.77355,3.77025,3.76797,0,-0,21.2404,8.31398,6.18913,14.1137
