0,-0,-0,0,0,-0,7.59065,7.59065,7.59065,7.59065,7.59065,7.59065,0,-0,42.7972,-0,-0,0
0,-0,-0,0,0,-0,7.59065,7.59065,7.59065,7.59065,7.59065,7.59065,0,-0,42.7972,-0,-0,0
0.0128649,-0.0174346,0.128934,-0.000332674,0.000299571,-0.0399948,7.38962,7.3972,7.38962,7.3972,7.38962,7.3972,0,-0,41.6852,-0,-0,39.9948
0.0128649,-0.0174346,0.128934,-0.000332674,0.000299571,-0.0399948,7.38962,7.3972,7.38962,7.3972,7.38962,7.3972,0,-0,41.6852,-0,-0,39.9948
0.0128681,-0.0174317,0.131528,-0.000343853,0.000198526,-0.0399952,7.18938,7.19696,7.18938,7.19696,7.18938,7.19696,0,-0,40.5562,-0,-0,39.9953
0.0128862,-0.017395,0.17162,-0.000324907,-0.000344943,-0.0399954,6.4461,6.45368,6.4461,6.45368,6.4461,6.45368,0,-0,36.3655,-0,-0,39.9954
0.0129498,-0.0173143,0.267486,-0.000222203,-0.0014312,-0.0400163,5.65749,5.66318,5.65369,5.66128,5.65559,5.66508,0,-0,31.9085,-0,-4.21151,40.0163
0.0131068,-0.0172246,0.390694,-8.03396e-05,-0.00226553,-0.0400675,4.95045,4.95804,4.95045,4.95804,4.95045,4.95804,0,-0,27.9328,-0,-0,40.0675
0.0136604,-0.0171162,0.599002,0.000159976,-0.00325015,-0.0402067,4.03618,4.0438,4.03618,4.0438,4.03618,4.0438,0,-0,22.7781,-0,-0,40.2067
0.0148772,-0.0170539,0.882459,0.000485464,-0.00414385,-0.0403567,3.16323,3.17088,3.16323,3.17088,3.16323,3.17088,0,-0,17.8564,-0,-0,40.3567
0.0160616,-0.0170703,1.0881,0.000725914,-0.00467543,-0.0404282,2.75194,2.75961,2.75194,2.75961,2.75194,2.75961,0,-0,15.5375,-0,-0,40.4282
0.0187081,-0.0172309,1.43271,0.00115998,-0.00551757,-0.0404855,2.4379,2.44443,2.43562,2.44329,2.43676,2.44557,0,-0,13.7604,-0,-2.53217,40.4855
0.020602,-0.0174106,1.61725,0.00142226,-0.00597616,-0.0404678,2.43015,2.43658,2.42768,2.43534,2.42891,2.43782,0,-0,13.7162,-0,-2.74263,40.4678
0.0229579,-0.0176878,1.79684,0.00171176,-0.00643994,-0.0403927,2.52687,2.53319,2.52421,2.53186,2.52554,2.53453,0,-0,14.261,-0,-2.95547,40.3927
0.0270179,-0.018275,2.01184,0.0021421,-0.0069415,-0.0401496,2.81671,2.82289,2.81384,2.82145,2.81528,2.82432,0,-0,15.8944,-0,-3.18566,40.1496
0.0296565,-0.0187217,2.10599,0.0023844,-0.00710131,-0.0399286,3.0058,3.0119,3.00286,3.01043,3.00433,3.01337,0,-0,16.9602,-0,-3.259,39.9286
0.0343172,-0.0196263,2.21601,0.00275421,-0.00714052,-0.0394464,3.27382,3.27982,3.27087,3.27834,3.27234,3.2813,0,-0,18.4711,-0,-3.27699,39.4464
0.0381584,-0.0204787,2.27294,0.00301183,-0.00699029,-0.0389832,3.43062,3.43657,3.42773,3.43512,3.42918,3.43801,0,-0,19.3551,-0,-3.20805,38.9832
0.042375,-0.0215197,2.31448,0.00325305,-0.00668178,-0.0384227,3.54714,3.55304,3.54438,3.55166,3.54576,3.55443,0,-0,20.0121,-0,-3.06646,38.4227
0.0471908,-0.0228397,2.34666,0.00348375,-0.00618468,-0.0377309,3.62648,3.63235,3.62392,3.63107,3.6252,3.63364,0,-0,20.4596,-0,-2.83833,37.7309
0.0550232,-0.0252749,2.38036,0.00377518,-0.00512001,-0.036508,3.69573,3.70159,3.69361,3.70053,3.69467,3.70265,0,-0,20.8506,-0,-2.34972,36.508
0.0602274,-0.0270904,2.39598,0.0039204,-0.0042689,-0.0356335,3.71131,3.71823,3.71495,3.72005,3.71313,3.71641,0,-0,20.9496,-0,4.03929,26.9095
0.066174,-0.029366,2.4105,0.00404637,-0.00317457,-0.0345734,3.71599,3.72283,3.72022,3.72494,3.7181,3.72071,0,-0,20.9766,-0,4.69101,24.9298
0.0714888,-0.031595,2.42197,0.00412549,-0.00211055,-0.0335686,3.71165,3.71826,3.71608,3.72047,3.71386,3.71604,0,-0,20.9517,-0,4.9103,23.2109
0.0809036,-0.0360587,2.44037,0.0041885,-0.000346133,-0.0316696,3.70028,3.70609,3.70418,3.70804,3.70223,3.70414,0,-0,20.8846,-0,4.33054,20.3666
0.0867701,-0.0392266,2.45104,0.00417406,0.000641394,-0.0303954,3.69424,3.69952,3.69777,3.70128,3.69601,3.69776,0,-0,20.8486,-0,3.90797,18.5509
0.0914777,-0.0420211,2.4592,0.00412871,0.00137539,-0.0293103,3.6929,3.69614,3.6929,3.69614,3.6929,3.69614,0,-0,20.8303,-0,-0,17.0772
0.100014,-0.0477759,2.47293,0.00395613,0.00260893,-0.0271701,3.6934,3.6961,3.6934,3.6961,3.6934,3.6961,0,-0,20.8316,-0,-0,14.2749
0.10475,-0.0514357,2.47986,0.00379965,0.00326974,-0.0258618,3.69635,3.69874,3.69635,3.69874,3.69635,3.69874,0,-0,20.8473,-0,-0,12.6167
0.110089,-0.0560747,2.48701,0.00355672,0.00410748,-0.0242495,3.70173,3.70375,3.70173,3.70375,3.70173,3.70375,0,-0,20.8766,-0,-0,10.6546
0.116511,-0.0626351,2.49463,0.00313798,0.00533453,-0.0220415,3.70935,3.71199,3.71156,3.71309,3.71045,3.71088,0,-0,20.9244,-0,2.44817,8.08858
0.120216,-0.0671406,2.49855,0.00280329,0.00620322,-0.0205622,3.71309,3.71734,3.71915,3.72036,3.71612,3.71431,0,-0,20.9555,-0,6.7107,6.40987
0.124683,-0.0737953,2.50292,0.00224144,0.00748757,-0.0184179,3.71964,3.72368,3.72619,3.72695,3.72292,3.72041,0,-0,20.9925,-0,7.25074,4.05381
0.126837,-0.077881,2.505,0.00185577,0.00820073,-0.0171187,3.72436,3.72656,3.72775,3.72826,3.72606,3.72487,0,-0,21.0095,-0,3.76355,2.68992
0.129028,-0.0833956,2.50725,0.00128307,0.00895314,-0.0153773,3.72747,3.72949,3.73118,3.73135,3.72932,3.72764,0,-0,21.027,-0,4.10885,0.894057
0.130652,-0.0907838,2.5096,0.000411189,0.0095969,-0.0130507,3.7303,3.73201,3.73427,3.734,3.73228,3.73002,0,-0,21.0424,-0,4.40429,-1.43745
0.130881,-0.0955945,2.51083,-0.000231246,0.00987499,-0.0115265,3.73162,3.73311,3.73571,3.73516,3.73366,3.73107,0,-0,21.0494,-0,4.53192,-2.90681
0.130392,-0.100548,2.51191,-0.000966251,0.010034,-0.00993692,3.73358,3.73294,3.73773,3.73502,3.73566,3.73086,0,-0,21.0546,-0,4.60488,-14.3214
0.128351,-0.107487,2.51321,-0.00215058,0.00998279,-0.0076491,3.74551,3.7449,3.74964,3.74697,3.74758,3.74284,0,-0,21.1219,-0,4.58139,-14.1094
0.12617,-0.111792,2.51392,-0.00300081,0.0097458,-0.00617454,3.7452,3.74536,3.74924,3.74511,3.74495,3.74108,0,-0,21.1158,-2.89632,4.47263,-13.7805
0.123047,-0.116207,2.51462,-0.00399372,0.00928341,-0.00461018,3.74422,3.74443,3.74807,3.74394,3.74374,3.7401,0,-0,21.1097,-3.08176,4.26043,-13.3005
0.119743,-0.119731,2.51532,-0.00489718,0.00869845,-0.00329471,3.74325,3.74342,3.74685,3.74278,3.74261,3.73918,0,-0,21.1037,-3.12231,3.99197,-12.8768
0.113214,-0.124764,2.51665,-0.00629142,0.00734426,-0.00121381,3.73002,3.7278,3.72906,3.72561,3.72783,3.72657,0,-0,21.018,-2.18667,-1.06209,-12.2151
0.10775,-0.127705,2.51772,-0.00716795,0.00604858,0.000229805,3.72827,3.7255,3.72588,3.72235,3.72513,3.72475,0,-0,21.0039,-2.49132,-2.65755,-11.7481
0.102836,-0.129637,2.51863,-0.00779752,0.00477846,0.00138899,3.72912,3.72493,3.72364,3.72007,3.72426,3.72555,0,-0,20.9999,-2.71013,-6.07096,-11.3855
0.0942439,-0.131703,2.51976,-0.00865896,0.00253684,0.00321944,3.74083,3.73673,3.73515,3.73153,3.73564,3.73721,0,-0,21.0652,-3.00954,-6.2953,-10.8015
0.0883465,-0.132254,2.52013,-0.00909133,0.00104646,0.00438626,3.74016,3.73628,3.73471,3.73109,3.73497,3.73654,0,-0,21.062,-3.15981,-6.03996,-10.4268
0.0821792,-0.132091,2.5202,-0.00939355,-0.000405894,0.00556345,3.73983,3.73627,3.73483,3.73122,3.73478,3.73622,0,-0,21.0615,-3.26485,-5.54677,-10.0574
0.0740681,-0.130648,2.52009,-0.00951042,-0.00216178,0.00708547,3.73967,3.73652,3.73527,3.73173,3.73489,3.73613,0,-0,21.0625,-3.30547,-4.8756,-9.59461
0.0690662,-0.128973,2.51991,-0.0093851,-0.00317599,0.0080296,3.73973,3.7368,3.7357,3.73223,3.73517,3.73627,0,-0,21.0641,-3.26191,-4.47513,-9.30508
0.0638594,-0.126473,2.51961,-0.00904535,-0.00419551,0.00903558,3.73996,3.73723,3.73627,3.73293,3.73566,3.73662,0,-0,21.0667,-3.14383,-4.09476,-8.98652
0.056781,-0.12151,2.51897,-0.00810488,-0.00556619,0.0104837,3.74111,3.73709,3.7388,3.73373,3.73775,3.73604,0,-0,21.0721,-2.81696,-2.55449,-19.0067
0.0528198,-0.117665,2.51845,-0.0072221,-0.00634657,0.0113685,3.74119,3.73596,3.73856,3.73523,3.74045,3.73786,0,-0,21.0766,0.739016,-2.91263,-19.6066
0.0490354,-0.112932,2.51779,-0.00599409,-0.00712788,0.0123012,3.74133,3.737,3.73838,3.73708,3.74141,3.74003,0,-0,21.0822,1.98703,-3.27119,-12.3012
0.0455248,-0.107055,2.51696,-0.00430818,-0.00795346,0.0132818,3.74214,3.73675,3.73885,3.7388,3.7442,3.74209,0,-0,21.0894,4.73827,-3.65007,-13.2818
0.0425822,-0.099814,2.51591,-0.0021677,-0.00879803,0.0143159,3.74393,3.73808,3.74029,3.74021,3.74607,3.74386,0,-0,21.0984,5.06425,-4.03767,-14.3159
0.0411916,-0.0941097,2.51508,-0.000480633,-0.009332,0.015056,3.74541,3.73932,3.74155,3.7413,3.74739,3.74516,0,-0,21.1056,5.00573,-4.28273,-15.056
0.0406252,-0.0891621,2.51436,0.000938122,-0.00969178,0.0156616,3.7467,3.74047,3.74269,3.74223,3.74846,3.74625,0,-0,21.1119,4.81814,-4.44784,-15.6616
0.0406942,-0.0840807,2.51364,0.00236184,-0.00994322,0.0162569,3.74799,3.74166,3.74387,3.74318,3.74952,3.7473,0,-0,21.1182,4.58959,-4.56323,-16.2569
0.0421986,-0.0765568,2.51264,0.00445544,-0.0100326,0.0171036,3.74975,3.74333,3.74559,3.74455,3.75098,3.74871,0,-0,21.127,4.23027,-4.60426,-17.1036
0.0438359,-0.0725957,2.51216,0.00557917,-0.00989368,0.0175396,3.75006,3.74313,3.74596,3.74574,3.75267,3.74984,0,-0,21.1312,5.95944,-4.5405,-17.5396
0.0478261,-0.0667384,2.51157,0.00733134,-0.00931235,0.0181847,3.75085,3.74387,3.747,3.74678,3.75377,3.75064,0,-0,21.1364,6.19636,-4.27371,-18.1847
0.0515936,-0.0632842,2.51136,0.00845916,-0.00860755,0.0185758,3.7511,3.7442,3.74754,3.74721,3.75412,3.75078,0,-0,21.1383,6.14017,-3.95025,-18.5758
0.056041,-0.0605606,2.51133,0.00939471,-0.00765405,0.0189043,3.74982,3.74571,3.75046,3.74858,3.75269,3.74794,0,-0,21.1386,3.26525,0.703046,-18.9043
0.0627185,-0.0582188,2.5116,0.0102686,-0.00603808,0.0192355,3.74843,3.7451,3.75091,3.74913,3.75246,3.74665,0,-0,21.1362,3.56897,2.74789,-19.2355
0.0676127,-0.0574665,2.51197,0.0106294,-0.00475101,0.0193942,3.74634,3.74444,3.75182,3.75007,3.75196,3.74459,0,-0,21.1329,3.69438,6.07488,-19.3942
0.0740808,-0.0574668,2.51264,0.0109108,-0.00305218,0.0195233,3.7452,3.74334,3.75086,3.74914,3.75099,3.74347,0,-0,21.1271,3.7922,6.27942,-19.5233
0.0807783,-0.0585263,2.51351,0.0109865,-0.00136114,0.0195762,3.74396,3.74198,3.7494,3.74768,3.74966,3.74224,0,-0,21.1195,3.8185,6.02335,-19.5762
0.0867278,-0.060332,2.51443,0.0108555,1.35166e-05,0.019561,3.72927,3.72705,3.73422,3.73248,3.73469,3.72752,0,-0,21.0352,3.77298,5.48821,-19.561
0.0952532,-0.0643767,2.51595,0.0102921,0.00176563,0.0194362,3.72553,3.72301,3.72972,3.7279,3.73042,3.72371,0,-0,21.0118,3.57716,4.64898,-19.4362
0.100395,-0.0677134,2.51695,0.00969628,0.00271011,0.0192966,3.72513,3.72247,3.72888,3.72698,3.72964,3.72323,0,-0,21.0081,3.37007,4.1548,-19.2966
0.108156,-0.0742169,2.51818,0.00833094,0.00400102,0.0189753,3.74055,3.7371,3.74055,3.73666,3.74011,3.73666,0,-0,21.0788,-0.561921,-0,-18.9753
0.11264,-0.0789178,2.51861,0.00721555,0.00468794,0.0187134,3.74013,3.73702,3.74013,3.73572,3.73884,3.73572,0,-0,21.075,-1.66082,-0,-18.7134
0.117188,-0.0845508,2.51879,0.00577562,0.00536369,0.0183714,3.73897,3.7373,3.74119,3.7363,3.73797,3.73408,0,-0,21.0734,-2.70105,2.46155,-18.3714
0.122654,-0.0928119,2.51883,0.00364904,0.00631012,0.0178151,3.73924,3.73848,3.74185,3.73586,3.73663,3.73325,0,-0,21.0729,-5.01753,2.8959,-17.8151
0.125627,-0.0982645,2.51876,0.00225121,0.00692283,0.01741,3.73921,3.73867,3.74207,3.73612,3.73665,3.73325,0,-0,21.0735,-5.10463,3.17709,-17.41
0.12978,-0.107868,2.51845,-0.000161898,0.00786558,0.0166127,3.73937,3.73913,3.74263,3.73693,3.73718,3.73367,0,-0,21.0763,-4.89498,3.60974,-16.6127
0.13138,-0.112769,2.5182,-0.00133331,0.00825821,0.0161573,3.73957,3.73943,3.74299,3.73751,3.73766,3.7341,0,-0,21.0785,-4.6398,3.78993,-16.1573
0.133369,-0.121951,2.51758,-0.00342253,0.00879244,0.0151885,3.74022,3.74024,3.74387,3.73883,3.73881,3.73519,0,-0,21.084,-4.13749,4.03511,-15.1885
0.133834,-0.127183,2.51714,-0.00456692,0.00894361,0.0145489,3.74075,3.74084,3.74445,3.73971,3.73962,3.736,0,-0,21.088,-3.82156,4.10448,-14.5489
0.13362,-0.133244,2.51654,-0.00586558,0.00892546,0.0136955,3.74204,3.74271,3.74573,3.74029,3.73961,3.7366,0,-0,21.0933,-5.46659,4.09615,-13.6955
0.132765,-0.137842,2.51604,-0.00684364,0.00871586,0.012934,3.7428,3.74357,3.74641,3.74111,3.74034,3.7375,0,-0,21.0977,-5.45827,3.99996,-12.934
0.130427,-0.143666,2.51534,-0.0080681,0.00805994,0.0117375,3.74245,3.74415,3.74579,3.74363,3.74193,3.74029,0,-0,21.1038,-2.80417,3.69894,-3.70425
0.127681,-0.147427,2.51485,-0.00876231,0.00721785,0.0107128,3.74329,3.74515,3.74628,3.74426,3.74241,3.74127,0,-0,21.108,-3.04545,3.31248,-2.28683
0.125282,-0.149579,2.51457,-0.00907986,0.00643627,0.00994526,3.74482,3.74666,3.74359,3.74358,3.74174,3.74481,0,-0,21.1104,-3.15582,-1.36442,8.62311
0.12013,-0.152275,2.51425,-0.00937282,0.00463639,0.00851314,3.74722,3.74719,3.74216,3.74212,3.74214,3.74718,0,-0,21.113,-3.25765,-5.61103,8.73738
0.116467,-0.15314,2.51419,-0.0093485,0.00327802,0.0075971,3.74752,3.74725,3.74202,3.74196,3.74223,3.74746,0,-0,21.1134,-3.24919,-6.09536,8.65412
0.112436,-0.153344,2.51425,-0.00912351,0.0018152,0.00665895,3.74735,3.74707,3.74194,3.74188,3.74217,3.74729,0,-0,21.1127,-3.17099,-5.99317,8.40106
0.106633,-0.152464,2.51458,-0.00843055,-7.14381e-05,0.00538578,3.74643,3.74638,3.74175,3.74175,3.7418,3.74643,0,-0,21.1098,-2.93015,-5.18853,8.0337
0.102751,-0.151149,2.51495,-0.00769846,-0.00118077,0.00455577,3.74626,3.74489,3.74214,3.74074,3.74211,3.74486,0,-0,21.1064,-2.6757,-4.56654,0
0.097278,-0.148282,2.51571,-0.00621964,-0.00255854,0.00337659,3.74353,3.74144,3.74022,3.74108,3.74317,3.7444,0,-0,21.0997,1.65454,-3.67797,0
0.0939929,-0.145946,2.51633,-0.00501711,-0.00329674,0.00264079,3.74063,3.73992,3.74064,3.74206,3.74278,3.74206,0,-0,21.0943,2.74405,-0,0
0.0891291,-0.141501,2.51752,-0.00267818,-0.0042899,0.00143641,3.73816,3.73682,3.73816,3.74085,3.74219,3.74085,0,-0,21.0839,5.14834,-0,0
0.0863371,-0.138303,2.51842,-0.0010377,-0.00484619,0.000636469,3.72385,3.7225,3.72385,3.72655,3.7279,3.72655,0,-0,21.0033,5.18609,-0,0
0.0840491,-0.135212,2.51933,0.000512755,-0.00537896,-0.000124816,3.72292,3.7205,3.72069,3.7233,3.72573,3.72553,0,-0,20.9915,5.01898,-2.46856,0
0.081344,-0.130673,2.52071,0.00269818,-0.00619709,-0.00128103,3.73478,3.73233,3.73221,3.73455,3.737,3.73711,0,-0,21.0566,4.48167,-2.84403,0
0.0801277,-0.127951,2.52138,0.00399166,-0.00671089,-0.00203742,3.73398,3.73152,3.7312,3.73334,3.7358,3.73612,0,-0,21.051,4.11046,-3.07982,0
0.0793672,-0.12543,2.52188,0.005227,-0.00715915,-0.0028282,3.73296,3.73004,3.73,3.73289,3.73582,3.73586,0,-0,21.0468,5.5501,-3.28554,0
0.0792252,-0.122697,2.52252,0.00672327,-0.00757623,-0.00390484,3.73212,3.72911,3.72899,3.73188,3.73489,3.73502,0,-0,21.0416,5.55299,-3.47695,0
0.0798381,-0.121263,2.523,0.00769905,-0.00772482,-0.00472994,3.7322,3.72991,3.72901,3.7304,3.7327,3.7336,0,-0,21.0377,2.6759,-3.54514,0
0.0808203,-0.120572,2.52338,0.00833996,-0.00772762,-0.00541181,3.73158,3.72923,3.72838,3.72989,3.73225,3.73309,0,-0,21.0345,2.89866,-3.54643,0
0.0835313,-0.120526,2.52398,0.00907943,-0.0074689,-0.00659667,3.73056,3.72819,3.72747,3.72911,3.73148,3.73221,0,-0,21.0294,3.15567,-3.4277,0
0.0858929,-0.121297,2.52427,0.00937531,-0.00712931,-0.00735094,3.73001,3.72769,3.72706,3.72876,3.73108,3.73171,0,-0,21.0268,3.25851,-3.27185,0
0.0885709,-0.122625,2.52447,0.00953048,-0.00667848,-0.00806965,3.7296,3.72736,3.72684,3.72856,3.73081,3.73133,0,-0,21.0252,3.31244,-3.06495,0
0.0932963,-0.12571,2.52452,0.00949242,-0.00577012,-0.00914819,3.72931,3.72726,3.72693,3.72864,3.7307,3.73103,0,-0,21.0246,3.29921,-2.64807,0
0.0970421,-0.128636,2.52435,0.00924907,-0.00497016,-0.00990343,3.72668,3.72754,3.73007,3.73175,3.73089,3.72836,0,-0,21.0259,3.21463,3.75491,0
0.103905,-0.134838,2.52361,0.00840221,-0.00334884,-0.0111616,3.72637,3.72983,3.73057,3.73421,3.73076,3.73001,0,-0,21.032,2.9203,4.655,11.1616
0.108279,-0.139286,2.52287,0.00761106,-0.00226104,-0.0119152,3.74079,3.74523,3.74496,3.74703,3.7426,3.74287,0,-0,21.1087,-0.356878,4.61337,11.9152
0.113181,-0.144698,2.52177,0.00649149,-0.00115056,-0.0127321,3.74669,3.75137,3.75042,3.75202,3.74734,3.74829,0,-0,21.1394,-1.54732,4.13406,12.7321
0.117682,-0.150049,2.52055,0.00524832,-0.000248472,-0.0134475,3.7528,3.75602,3.7528,3.75402,3.7508,3.75402,0,-0,21.1623,-2.56204,-0,13.4475
0.12403,-0.15819,2.51876,0.00327343,0.000852796,-0.0144108,3.75494,3.75891,3.75494,3.75518,3.75121,3.75518,0,-0,21.1716,-4.77168,-0,14.4108
0.12895,-0.164948,2.51747,0.00160683,0.0016134,-0.0151288,3.75453,3.75867,3.75453,3.75483,3.75069,3.75483,0,-0,21.1695,-4.91461,-0,15.1288
0.133276,-0.171193,2.51649,6.49119e-05,0.00232702,-0.015744,3.74081,3.74505,3.74081,3.74128,3.73703,3.74128,0,-0,21.0926,-4.83025,-0,15.744
0.139149,-0.180112,2.51547,-0.00205882,0.00341537,-0.0165609,3.74221,3.74651,3.74221,3.74303,3.73873,3.74303,0,-0,21.1015,-4.46086,-0,16.5609
0.142665,-0.185715,2.51504,-0.00335223,0.00415673,-0.017045,3.74277,3.7471,3.74278,3.74382,3.7395,3.74382,0,-0,21.1053,-4.1922,-0,17.045
0.146147,-0.191503,2.5146,-0.00467166,0.0049886,-0.0175259,3.74336,3.74769,3.74336,3.74465,3.74032,3.74465,0,-0,21.1093,-3.89088,-0,17.5259
0.149658,-0.197695,2.51412,-0.00609413,0.00598668,-0.0180218,3.74332,3.74944,3.7458,3.74627,3.74014,3.74379,0,-0,21.1137,-5.65048,2.74746,18.0218
0.151899,-0.201966,2.51381,-0.00710181,0.00677573,-0.0183553,3.74365,3.75002,3.74646,3.74696,3.74059,3.74416,0,-0,21.1166,-5.71076,3.10958,18.3553
0.154483,-0.207692,2.51352,-0.00850643,0.00803068,-0.0187958,3.74315,3.74915,3.74648,3.7485,3.74251,3.74518,0,-0,21.1196,-2.95652,3.68551,18.7958
0.155361,-0.210409,2.51353,-0.00915245,0.00870327,-0.0190058,3.74309,3.74932,3.74669,3.74863,3.7424,3.74503,0,-0,21.1197,-3.18105,3.99418,19.0058
0.155641,-0.212368,2.51371,-0.00959325,0.00924231,-0.0191619,3.74276,3.74918,3.74659,3.74849,3.74207,3.74466,0,-0,21.1184,-3.33426,4.24156,19.1619
0.15519,-0.213923,2.5142,-0.00997835,0.0097485,-0.0192962,3.74196,3.74854,3.746,3.74785,3.74127,3.74381,0,-0,21.1144,-3.4681,4.47387,19.2962
0.153175,-0.214419,2.51533,-0.0101779,0.0100891,-0.0193708,3.72733,3.73401,3.73151,3.73334,3.72666,3.72916,0,-0,21.0322,-3.53747,4.6302,19.3708
0.151041,-0.213811,2.51631,-0.0100914,0.0100925,-0.0193575,3.7232,3.72987,3.72738,3.72922,3.72255,3.72504,0,-0,21.0089,-3.50741,4.63174,19.3575
0.148252,-0.212499,2.51743,-0.00981817,0.00991582,-0.0192967,3.72053,3.72713,3.72463,3.72651,3.71991,3.72241,0,-0,20.9938,-3.41243,4.55066,19.2967
0.1426,-0.209092,2.51901,-0.00897368,0.00924976,-0.0191049,3.72234,3.72869,3.72617,3.72816,3.72182,3.72434,0,-0,21.0035,-3.11892,4.24499,19.1049
0.138254,-0.206139,2.5197,-0.00815204,0.00856649,-0.0189214,3.73273,3.73802,3.73628,3.74002,3.73474,3.73648,0,-0,21.0663,0.295113,3.93141,18.9214
0.133385,-0.202648,2.52009,-0.00709789,0.00767534,-0.01869,3.73391,3.73675,3.73327,3.73756,3.73472,3.7382,0,-0,21.0627,1.44888,-0.711891,18.69
0.127265,-0.198105,2.52015,-0.00561306,0.0064028,-0.0183669,3.73416,3.73589,3.73208,3.73699,3.73527,3.73908,0,-0,21.0618,2.7468,-2.3128,18.3669
0.118388,-0.19137,2.51987,-0.00335253,0.00432355,-0.0178384,3.73567,3.73489,3.73007,3.73617,3.73695,3.74178,0,-0,21.0637,5.22459,-6.20809,17.8384
0.111377,-0.186017,2.51943,-0.00153588,0.002634,-0.0173682,3.73639,3.73538,3.73061,3.73673,3.73774,3.74251,0,-0,21.0673,5.42877,-6.41116,17.3682
0.105725,-0.181721,2.51893,-7.06265e-05,0.00128413,-0.016952,3.73714,3.7361,3.73146,3.73749,3.73852,3.74316,0,-0,21.0715,5.40233,-6.29262,16.952
0.0982886,-0.176142,2.51807,0.0017975,-0.000389089,-0.0163471,3.73834,3.7375,3.73314,3.73891,3.73975,3.74412,0,-0,21.079,5.13134,-5.76971,16.3471
0.0884378,-0.168994,2.51657,0.0041705,-0.00242161,-0.0154236,3.75547,3.7549,3.75094,3.75631,3.75688,3.76084,0,-0,21.1763,4.70262,-5.02111,15.4236
0.082375,-0.164818,2.51544,0.00559383,-0.00359171,-0.0147666,3.75815,3.75723,3.75401,3.76012,3.76105,3.76427,0,-0,21.1946,6.35865,-4.5931,14.7666
0.0771606,-0.161433,2.51436,0.00681122,-0.00456832,-0.0141303,3.75886,3.75792,3.75502,3.7611,3.76204,3.76494,0,-0,21.1994,6.53053,-4.251,14.1303
0.0695528,-0.15702,2.51307,0.00858614,-0.00599047,-0.0130399,3.74649,3.74431,3.74059,3.74646,3.74865,3.75237,0,-0,21.1232,6.53872,-6.54565,13.0399
0.0653376,-0.154991,2.51266,0.00951769,-0.00679946,-0.0123161,3.74575,3.74504,3.74294,3.74856,3.74927,3.75137,0,-0,21.127,6.3094,-3.12047,12.3161
0.0610748,-0.153434,2.5126,0.0103789,-0.00765129,-0.0114467,3.74686,3.7465,3.74369,3.74774,3.74809,3.75091,0,-0,21.1279,3.6073,-3.5114,11.4467
0.0565504,-0.152743,2.51294,0.0111228,-0.00855633,-0.0102598,3.74739,3.74503,3.74385,3.74628,3.74864,3.74982,0,-0,21.1252,3.86586,-3.92675,2.19947
0.0537465,-0.153378,2.51353,0.0114078,-0.00919721,-0.00922885,3.74762,3.7431,3.74381,3.74429,3.74881,3.7481,0,-0,21.1203,3.96493,-4.22087,-8.36606
0.0521733,-0.154688,2.51424,0.011474,-0.00962579,-0.00838067,3.74666,3.74202,3.74268,3.74314,3.74779,3.74712,0,-0,21.1143,3.98795,-4.41756,-8.53096
0.0509363,-0.158396,2.5158,0.0112638,-0.010109,-0.00697976,3.72781,3.72311,3.72363,3.72407,3.72878,3.72826,0,-0,21.0074,3.91487,-4.6393,-8.3941
0.0510504,-0.161728,2.51702,0.0109059,-0.0102455,-0.00611707,3.72386,3.71921,3.71961,3.72005,3.7247,3.72429,0,-0,20.9849,3.79048,-4.70198,-8.12381
0.0522304,-0.167061,2.51869,0.0101679,-0.0102034,-0.00505142,3.72163,3.7186,3.71741,3.71925,3.72228,3.72348,0,-0,20.9764,3.534,-4.68265,0
0.0543379,-0.172962,2.51992,0.00918776,-0.00992751,-0.00410838,3.72587,3.7238,3.72176,3.72179,3.72386,3.7259,0,-0,20.9955,0.0646233,-4.55602,0
0.056699,-0.178275,2.52054,0.00818696,-0.00953264,-0.00338125,3.73735,3.73563,3.73341,3.7329,3.73463,3.73685,0,-0,21.0592,-0.964758,-4.3748,0
0.0616398,-0.187684,2.5208,0.00621842,-0.00856465,-0.00223637,3.73706,3.73591,3.73351,3.73225,3.73339,3.73579,0,-0,21.0565,-2.42556,-3.93057,0
0.0653875,-0.194004,2.52055,0.00485779,-0.00774355,-0.00152782,3.73598,3.7375,3.73649,3.73397,3.73245,3.73346,0,-0,21.0584,-4.84997,0.564392,0
0.0702406,-0.201554,2.52005,0.00321445,-0.00659132,-0.000718437,3.73612,3.73833,3.7379,3.73527,3.73306,3.73349,0,-0,21.0624,-5.05218,1.97868,0
0.0780171,-0.212646,2.51889,0.000817543,-0.0046081,0.000434628,3.74906,3.75296,3.75427,3.7517,3.7478,3.74648,0,-0,21.1452,-4.94636,5.77896,0
0.0833212,-0.219695,2.51789,-0.000641468,-0.00327281,0.00116457,3.75342,3.7573,3.75872,3.75627,3.75239,3.75097,0,-0,21.1704,-4.71065,5.87422,0
0.0893143,-0.227266,2.51663,-0.00215936,-0.00182329,0.00196068,3.75627,3.75996,3.76133,3.759,3.75531,3.75394,0,-0,21.1861,-4.45696,5.60745,0
0.0974877,-0.237012,2.51504,-0.00407311,-5.90763e-05,0.00302776,3.75628,3.75955,3.76068,3.75854,3.75526,3.75413,0,-0,21.1848,-4.12229,4.88212,0
0.102706,-0.242903,2.51421,-0.00522873,0.000950715,0.00371197,3.74406,3.74756,3.74807,3.74509,3.74159,3.74108,0,-0,21.1125,-5.72462,4.44309,0
0.110293,-0.250981,2.51335,-0.00684596,0.00228914,0.0047318,3.74575,3.74903,3.74921,3.74611,3.74283,3.74265,0,-0,21.1201,-5.95311,3.83939,0
0.115815,-0.256442,2.51299,-0.00797491,0.00319352,0.0055074,3.74808,3.74963,3.74808,3.74498,3.74343,3.74498,0,-0,21.1235,-5.95162,-0,0
0.120782,-0.260986,2.51272,-0.00889964,0.00397596,0.00624419,3.74778,3.74859,3.74778,3.74617,3.74537,3.74617,0,-0,21.126,-3.09319,-0,0
0.125184,-0.264645,2.51254,-0.00960931,0.00466878,0.00694295,3.74816,3.74903,3.74816,3.74642,3.74555,3.74642,0,-0,21.1278,-3.33984,-0,0
0.131664,-0.269165,2.5125,-0.010408,0.00590163,0.00809996,3.74713,3.74929,3.74957,3.74768,3.74552,3.74524,0,-0,21.1285,-3.61743,2.70843,0
0.13539,-0.271075,2.51272,-0.010759,0.00683262,0.00888788,3.745,3.74905,3.75116,3.74921,3.74516,3.74306,0,-0,21.1268,-3.73944,6.81914,0
0.138332,-0.271977,2.51317,-0.0109282,0.00775524,0.00963796,3.74584,3.74843,3.74905,3.74707,3.74448,3.74386,0,-0,21.1231,-3.79823,3.55911,0
0.140587,-0.271968,2.51387,-0.0109009,0.00859547,0.0103816,3.74559,3.74639,3.74915,3.74521,3.74441,3.74165,0,-0,21.1171,-3.78876,3.94471,-10.3816
0.141995,-0.271176,2.51476,-0.0106855,0.00918206,0.0110535,3.72967,3.73045,3.73348,3.72945,3.72867,3.72565,0,-0,21.0278,-3.71387,4.21392,-11.0535
0.142864,-0.268697,2.51646,-0.0100143,0.00980925,0.0120266,3.7226,3.72326,3.72667,3.72257,3.72192,3.71851,0,-0,20.9885,-3.48061,4.50175,-12.0266
0.142575,-0.266054,2.51787,-0.0092716,0.0100821,0.0126795,3.71999,3.72051,3.72416,3.72008,3.71956,3.71591,0,-0,20.9741,-3.22247,4.62698,-12.6795
0.14171,-0.263238,2.519,-0.00844418,0.0101897,0.0132122,3.71963,3.71913,3.72385,3.72155,3.72205,3.71734,0,-0,20.9773,0.400145,4.67633,-13.2122
0.138751,-0.257146,2.52048,-0.00651851,0.0100533,0.014089,3.73387,3.73269,3.73803,3.73652,3.73769,3.73236,0,-0,21.0596,2.23641,4.61377,-14.089
0.136042,-0.252844,2.52095,-0.00505607,0.00974144,0.0145802,3.73295,3.73136,3.73699,3.73593,3.73752,3.73189,0,-0,21.0553,3.26846,4.47063,-14.5802
0.131075,-0.246226,2.52107,-0.00279246,0.00897269,0.0152135,3.73239,3.72998,3.73611,3.736,3.73842,3.73229,0,-0,21.054,5.33043,4.11783,-15.2135
0.12668,-0.241189,2.52096,-0.0010796,0.00815735,0.0156252,3.73449,3.73004,3.73431,3.73416,3.73861,3.73434,0,-0,21.0547,5.38885,-0.199006,-15.6252
0.122198,-0.236597,2.52072,0.000481763,0.00722763,0.0159603,3.73544,3.73038,3.73414,3.73388,3.73894,3.73519,0,-0,21.0566,5.31004,-1.45113,-15.9603
0.116812,-0.231651,2.52029,0.0021436,0.00600616,0.0162852,3.73676,3.73111,3.73428,3.73383,3.73948,3.73632,0,-0,21.0602,5.07049,-2.75741,-16.2852
0.10833,-0.224898,2.51934,0.00442458,0.00404443,0.0166746,3.73975,3.73271,3.73444,3.73374,3.74078,3.73904,0,-0,21.0683,4.71459,-5.88194,-16.6746
0.102206,-0.220718,2.51847,0.00589864,0.00264331,0.0168843,3.75394,3.74635,3.74856,3.74875,3.75634,3.75414,0,-0,21.1507,6.51942,-5.9707,-16.8843
0.0931311,-0.215555,2.51692,0.00791431,0.000634271,0.0171028,3.75898,3.75141,3.75392,3.75428,3.76185,3.75934,0,-0,21.1805,6.90559,-5.60505,-17.1028
0.0866481,-0.212663,2.51571,0.0092519,-0.000685443,0.0171941,3.75947,3.75208,3.75484,3.75521,3.76259,3.75984,0,-0,21.1845,6.96369,-5.12865,-17.1941
0.0814084,-0.210875,2.51487,0.0102305,-0.00168746,0.0172274,3.7457,3.73851,3.74142,3.74172,3.74891,3.746,0,-0,21.1076,6.84919,-4.74836,-17.2274
0.0750329,-0.209474,2.51412,0.0112682,-0.00285088,0.0172146,3.74747,3.74124,3.74357,3.74235,3.74858,3.74625,0,-0,21.1144,3.91639,-4.31827,-17.2146
0.0678268,-0.209162,2.51371,0.0121883,-0.0041235,0.0171169,3.74786,3.74177,3.74437,3.74333,3.74943,3.74682,0,-0,21.1183,4.23621,-3.86478,-17.1169
0.061951,-0.210235,2.51356,0.0126959,-0.00515638,0.0169522,3.7474,3.74197,3.74526,3.74435,3.74978,3.74648,0,-0,21.1198,4.41264,-2.36641,-16.9522
0.0559952,-0.213108,2.51357,0.0130219,-0.00624728,0.0166708,3.74758,3.74195,3.745,3.7442,3.74983,3.74678,0,-0,21.1199,4.52593,-2.86706,-16.6708
0.0522651,-0.216336,2.51373,0.0130606,-0.00700098,0.0164029,3.74749,3.74175,3.7446,3.74385,3.74959,3.74675,0,-0,21.1187,4.53937,-3.21295,-16.4029
0.0483858,-0.221801,2.5141,0.0128176,-0.00794965,0.0159878,3.74711,3.74128,3.74382,3.74311,3.74895,3.7464,0,-0,21.1155,4.45493,-3.64833,-15.9878
0.0461696,-0.226867,2.51449,0.0123924,-0.00863903,0.0156229,3.74666,3.74079,3.74308,3.74237,3.74824,3.74594,0,-0,21.1121,4.30713,-3.9647,-15.6229
0.0445921,-0.232719,2.51496,0.0117373,-0.00929459,0.0152131,3.74609,3.74022,3.74224,3.74148,3.74735,3.74533,0,-0,21.1081,4.07945,-4.26556,-15.2131
0.0435064,-0.242673,2.51574,0.0103171,-0.0101651,0.0145273,3.74612,3.74133,3.74191,3.73904,3.74383,3.74325,0,-0,21.1012,-0.238654,-4.66508,-14.5273
0.0437105,-0.250946,2.51632,0.00889286,-0.0107102,0.0139576,3.74563,3.74121,3.7412,3.73767,3.74209,3.7421,0,-0,21.096,-1.70221,-4.9152,-13.9576
0.0454067,-0.263044,2.51706,0.00651217,-0.0112663,0.0131101,3.74496,3.74104,3.74029,3.73601,3.73992,3.74067,0,-0,21.0894,-3.45603,-5.17045,-13.1101
0.047505,-0.271686,2.51747,0.00472966,-0.011499,0.0124861,3.74496,3.74179,3.7402,3.73468,3.73786,3.73945,0,-0,21.0857,-6.04735,-5.27722,-12.4861
0.0502222,-0.280117,2.51776,0.00295803,-0.0115934,0.011856,3.7445,3.74147,3.7397,3.73421,3.73723,3.73901,0,-0,21.083,-6.22624,-5.32057,-11.856
0.0556027,-0.292882,2.51797,0.000266376,-0.0114698,0.0108509,3.74401,3.74118,3.73926,3.73401,3.73684,3.73876,0,-0,21.0811,-6.14229,-5.26381,-10.8509
0.0612499,-0.303388,2.5179,-0.00189923,-0.0110967,0.00996307,3.74294,3.74218,3.73835,3.73529,3.73606,3.73988,0,-0,21.0817,-5.87649,-5.09261,0
0.0673319,-0.312756,2.51761,-0.00381033,-0.0105168,0.00910975,3.74321,3.7425,3.73885,3.73591,3.73662,3.74027,0,-0,21.0842,-5.64345,-4.82645,0
0.0729539,-0.320168,2.5172,-0.00533339,-0.00985591,0.00838298,3.74414,3.744,3.74006,3.73624,3.73637,3.74032,0,-0,21.0878,-7.32582,-4.52316,0
0.0842149,-0.332423,2.51608,-0.00794767,-0.00824387,0.00708027,3.74336,3.74604,3.74458,3.74044,3.73776,3.73922,0,-0,21.0974,-7.9476,1.35212,0
0.0918224,-0.339187,2.51516,-0.00947876,-0.00696354,0.00628151,3.7587,3.76213,3.76132,3.75707,3.75363,3.75445,0,-0,21.1875,-8.15768,2.90638,0
0.100595,-0.34575,2.51397,-0.0110121,-0.00533247,0.00541247,3.76219,3.76627,3.7661,3.76184,3.75776,3.75793,0,-0,21.2108,-8.16865,4.33151,0
0.1125,-0.352801,2.51229,-0.0127189,-0.00308322,0.00428602,3.76268,3.76789,3.76897,3.76483,3.75962,3.75854,0,-0,21.2206,-7.93646,6.97071,0
0.120987,-0.356612,2.51131,-0.0136843,-0.00149015,0.00350113,3.76075,3.76586,3.76701,3.76304,3.75793,3.75678,0,-0,21.2102,-7.61554,6.94048,0
0.130279,-0.359648,2.51054,-0.0145015,0.00022352,0.0026441,3.74883,3.75316,3.75486,3.75223,3.74791,3.74621,0,-0,21.1461,-5.04019,6.67674,0
0.142167,-0.361736,2.51009,-0.015164,0.00229675,0.00152805,3.74992,3.75401,3.75537,3.75262,3.74852,3.74717,0,-0,21.1502,-5.27046,6.04333,0
0.150193,-0.361909,2.51011,-0.015351,0.003629,0.00074725,3.7501,3.75403,3.75518,3.7524,3.74847,3.74733,0,-0,21.1501,-5.33545,5.62752,0
0.16104,-0.360317,2.51039,-0.0153009,0.005386,-0.000367883,3.7488,3.75363,3.7557,3.75293,3.74809,3.74603,0,-0,21.1479,-5.31803,7.64308,0
0.16809,-0.357936,2.51072,-0.015024,0.00653655,-0.00114845,3.74815,3.75308,3.75529,3.75257,3.74764,3.74543,0,-0,21.1451,-5.2218,7.91879,0
0.177505,-0.352589,2.51145,-0.0141927,0.00811446,-0.00230167,3.74689,3.75182,3.75418,3.75161,3.74668,3.74432,0,-0,21.1389,-4.93285,8.07543,0
0.183616,-0.347294,2.51215,-0.0132143,0.00912602,-0.00315925,3.74489,3.74877,3.75205,3.75143,3.74755,3.74427,0,-0,21.1327,-1.17684,7.9351,0
0.189729,-0.339774,2.51313,-0.0116401,0.0101054,-0.0041684,3.74438,3.74632,3.74856,3.74886,3.74693,3.74468,0,-0,21.124,0.584941,4.63767,0
0.194291,-0.331723,2.51415,-0.00979447,0.0107957,-0.00510502,3.72922,3.73091,3.73369,3.73477,3.73308,3.7303,0,-0,21.0416,2.07783,4.95446,0
0.197145,-0.324659,2.51502,-0.00813873,0.0112051,-0.00585514,3.72698,3.72849,3.73162,3.73324,3.73173,3.7286,0,-0,21.0309,3.11682,5.14233,0
0.199272,-0.317162,2.5159,-0.00636885,0.0115453,-0.00660512,3.72623,3.72756,3.73101,3.73313,3.73181,3.72835,0,-0,21.0285,4.07933,5.29849,0
0.201188,-0.303748,2.51695,-0.0031841,0.0119617,-0.00788002,3.73639,3.73713,3.74135,3.74483,3.74409,3.73987,0,-0,21.0901,6.67732,5.48957,0
0.201291,-0.295258,2.51723,-0.00114092,0.0120915,-0.00866714,3.7359,3.73662,3.7409,3.74445,3.74373,3.73945,0,-0,21.0877,6.81842,5.54912,0
0.20062,-0.287183,2.51723,0.000832125,0.0121054,-0.00941602,3.7359,3.73663,3.74091,3.74447,3.74374,3.73946,0,-0,21.0877,6.82626,5.55551,0
0.198002,-0.274592,2.51696,0.0039045,0.0118632,-0.0106115,3.73545,3.73821,3.74036,3.74577,3.74301,3.74086,0,-0,21.0901,6.53387,5.44438,10.6115
0.195425,-0.267112,2.51667,0.0057506,0.0115237,-0.011356,3.73544,3.73781,3.74021,3.7467,3.74433,3.74193,0,-0,21.0927,8.33082,5.28855,11.356
0.190078,-0.256414,2.51604,0.00849698,0.0106757,-0.0124949,3.73633,3.73857,3.74075,3.7478,3.74557,3.74339,0,-0,21.0984,8.992,4.89937,12.4949
0.186044,-0.250542,2.51556,0.0101045,0.00994654,-0.0131626,3.73882,3.73924,3.73951,3.74683,3.74641,3.74615,0,-0,21.1026,9.27235,0.762895,13.1626
0.179161,-0.243048,2.51476,0.012273,0.00856085,-0.0140934,3.74084,3.74057,3.73983,3.74737,3.74764,3.74838,0,-0,21.1098,9.35516,-1.11881,14.0934
0.171328,-0.237153,2.51387,0.0141294,0.00682403,-0.0149562,3.74298,3.74214,3.74042,3.74803,3.74886,3.75059,0,-0,21.1177,9.16873,-2.83992,14.9562
0.163712,-0.233409,2.51305,0.0154796,0.00511209,-0.0156673,3.74483,3.7437,3.7412,3.74875,3.74989,3.75238,0,-0,21.125,8.7898,-4.0258,15.6673
0.157641,-0.231597,2.51243,0.0162913,0.00375853,-0.016169,3.7477,3.74634,3.74181,3.74782,3.74918,3.75371,0,-0,21.1305,5.66227,-6.53047,16.169
0.147765,-0.230652,2.51152,0.0171681,0.00159543,-0.0168909,3.749,3.74768,3.74307,3.74938,3.7507,3.75531,0,-0,21.1385,5.967,-6.57156,16.8909
0.140449,-0.231493,2.51092,0.017498,3.0834e-05,-0.0173651,3.74976,3.7486,3.74402,3.75048,3.75164,3.75622,0,-0,21.1438,6.08166,-6.36396,17.3651
0.133204,-0.233647,2.51041,0.0176285,-0.00145334,-0.017793,3.75036,3.74942,3.74493,3.75149,3.75243,3.75692,0,-0,21.1483,6.12702,-6.0175,17.793
0.122401,-0.239544,2.50979,0.0173784,-0.00358154,-0.0183614,3.75106,3.75047,3.74607,3.7527,3.75328,3.75768,0,-0,21.1537,6.04007,-5.52894,18.3614
0.116692,-0.244167,2.50954,0.0169607,-0.00469259,-0.0186287,3.75133,3.75093,3.74655,3.75315,3.75354,3.75793,0,-0,21.1557,5.89492,-5.29877,18.6287
0.108599,-0.252972,2.50931,0.0158899,-0.00629818,-0.0189657,3.75371,3.75311,3.74657,3.75141,3.75201,3.75855,0,-0,21.1575,2.38812,-7.90923,18.9657
0.103305,-0.260582,2.50925,0.0147614,-0.00740288,-0.0191549,3.75427,3.75393,3.74684,3.75098,3.75132,3.75841,0,-0,21.1579,0.977029,-8.23449,19.1549
0.0967277,-0.273056,2.50928,0.0126396,-0.00886939,-0.0193449,3.7547,3.75486,3.74717,3.75032,3.75016,3.75785,0,-0,21.1572,-0.99125,-8.34165,19.3449
0.0924139,-0.284195,2.5094,0.0106282,-0.00985119,-0.01943,3.7531,3.75537,3.74903,3.75146,3.74919,3.75554,0,-0,21.1559,-2.40067,-4.521,19.43
0.0894007,-0.294625,2.50955,0.00868763,-0.0105413,-0.0194557,3.75327,3.75571,3.74891,3.75074,3.7483,3.7551,0,-0,21.1544,-3.56966,-4.83772,19.4557
0.0864125,-0.31034,2.50982,0.00571328,-0.0112662,-0.0194115,3.75335,3.75602,3.74869,3.74972,3.74705,3.75439,0,-0,21.1517,-5.07375,-5.17041,19.4115
0.0852815,-0.321705,2.51004,0.00353759,-0.0116702,-0.0193229,3.75366,3.75679,3.74883,3.74871,3.74558,3.75354,0,-0,21.1498,-7.24934,-5.35579,19.3229
0.0849719,-0.333744,2.51028,0.0012154,-0.0119943,-0.0191786,3.75339,3.75645,3.74843,3.74823,3.74517,3.7532,0,-0,21.1477,-7.3415,-5.50451,19.1786
0.0861519,-0.351139,2.51063,-0.00213327,-0.0122324,-0.0188739,3.75289,3.75578,3.74782,3.7477,3.7448,3.75276,0,-0,21.1447,-7.10563,-5.61382,18.8739
0.0878761,-0.361732,2.51084,-0.00413377,-0.012214,-0.018626,3.75252,3.7553,3.74746,3.74744,3.74467,3.7525,0,-0,21.143,-6.81557,-5.60538,18.626
0.0907874,-0.373459,2.51109,-0.00632569,-0.0120083,-0.018287,3.75265,3.75589,3.74768,3.74662,3.74339,3.7516,0,-0,21.141,-8.67432,-5.51098,18.287
0.0962341,-0.388198,2.51142,-0.00909767,-0.0113778,-0.0177387,3.75225,3.75564,3.74754,3.74611,3.74272,3.75082,0,-0,21.1385,-9.18458,-5.22159,17.7387
0.100863,-0.397306,2.51166,-0.010843,-0.0106966,-0.017307,3.75187,3.75537,3.74744,3.74586,3.74236,3.75028,0,-0,21.1367,-9.34748,-4.90898,17.307
0.106732,-0.406312,2.51192,-0.0125561,-0.00969664,-0.0167781,3.74933,3.7549,3.7493,3.74766,3.74209,3.7477,0,-0,21.1346,-9.2463,-0.0396841,16.7781
0.116426,-0.417216,2.51234,-0.0145592,-0.00777816,-0.0159189,3.74755,3.75396,3.74978,3.74824,3.74183,3.74601,0,-0,21.1312,-8.74769,2.4746,15.9189
0.123905,-0.423266,2.51267,-0.015594,-0.00613761,-0.0152525,3.74559,3.75167,3.74915,3.74921,3.74313,3.74566,0,-0,21.1284,-5.4199,3.94071,15.2525
0.131464,-0.427782,2.51303,-0.0162837,-0.00446209,-0.0145675,3.74378,3.75119,3.75014,3.74995,3.74254,3.74359,0,-0,21.1254,-5.65963,7.04732,14.5675
0.138568,-0.430776,2.51338,-0.0166586,-0.002909,-0.0139077,3.7433,3.75065,3.74972,3.74934,3.74199,3.74292,0,-0,21.1223,-5.7899,7.11034,13.9077
0.150138,-0.433334,2.51403,-0.0168904,-0.00046752,-0.0127845,3.74261,3.7496,3.7487,3.74806,3.74107,3.74197,0,-0,21.1168,-5.87048,6.74982,12.7845
0.158416,-0.43348,2.51454,-0.0167632,0.00115381,-0.0119303,3.74212,3.74871,3.74774,3.74697,3.74038,3.74134,0,-0,21.1123,-5.82625,6.23648,11.9303
0.165469,-0.432476,2.51502,-0.0164214,0.0024571,-0.0111579,3.74162,3.74783,3.74685,3.74599,3.73977,3.74076,0,-0,21.1081,-5.70747,5.7946,11.1579
0.175937,-0.428926,2.51578,-0.0154141,0.00429694,-0.00991155,3.74168,3.7431,3.74636,3.74351,3.74209,3.73883,0,-0,21.1013,-2.46839,5.19486,-8.24975
0.18259,-0.425228,2.5163,-0.0143739,0.00543144,-0.00903655,3.73956,3.74154,3.74617,3.74398,3.742,3.73737,0,-0,21.0967,-1.10832,7.3318,-8.49623
0.192126,-0.417534,2.51706,-0.0121578,0.0070539,-0.00763446,3.73766,3.7392,3.74448,3.74339,3.74185,3.73657,0,-0,21.0897,0.998268,7.56665,-8.48893
0.196028,-0.413372,2.51737,-0.0109711,0.00772856,-0.00701359,3.73691,3.73826,3.74373,3.74313,3.74178,3.7363,0,-0,21.0868,1.86424,7.56419,-8.31136
0.203322,-0.403372,2.51792,-0.0081599,0.00893711,-0.00574094,3.73634,3.73726,3.74004,3.74189,3.74097,3.73819,0,-0,21.0817,3.5664,4.1015,0
0.207451,-0.395812,2.51818,-0.00607403,0.00955639,-0.00490644,3.73551,3.73629,3.73947,3.74187,3.74109,3.73791,0,-0,21.0793,4.61313,4.3857,0
0.210947,-0.387516,2.51833,-0.00380319,0.0100176,-0.00406484,3.73456,3.73483,3.73871,3.74232,3.74205,3.73817,0,-0,21.0779,6.93044,4.59735,0
0.214366,-0.375664,2.5183,-0.000589714,0.010474,-0.00291195,3.73448,3.73483,3.73882,3.74245,3.7421,3.73811,0,-0,21.078,6.97708,4.80681,0
0.21572,-0.367549,2.51813,0.0015938,0.0106601,-0.00212623,3.73477,3.73522,3.73919,3.74271,3.74227,3.7383,0,-0,21.0796,6.77008,4.89225,0
0.21624,-0.360357,2.51786,0.00349434,0.0107184,-0.00141639,3.73527,3.73581,3.73971,3.74307,3.74254,3.73864,0,-0,21.082,6.45285,4.919,0
0.215588,-0.348871,2.51719,0.00651374,0.0105282,-0.000218169,3.73593,3.73599,3.74029,3.74455,3.7445,3.74019,0,-0,21.0881,8.17058,4.83172,0
0.214402,-0.343024,2.51673,0.00808501,0.0102417,0.000447582,3.73667,3.7366,3.74092,3.7453,3.74537,3.74106,0,-0,21.0923,8.4183,4.7002,0
0.212329,-0.336906,2.51613,0.00979018,0.00973071,0.00121583,3.7377,3.7375,3.74173,3.74618,3.74639,3.74215,0,-0,21.0976,8.53203,4.46571,0
0.207761,-0.329092,2.51515,0.0120438,0.00853579,0.00239954,3.74133,3.73919,3.74134,3.74564,3.74779,3.74564,0,-0,21.1064,8.25914,0.007757,0
0.204205,-0.325403,2.51456,0.0131629,0.00753873,0.00312958,3.74296,3.7403,3.74176,3.74588,3.74854,3.74708,0,-0,21.1116,7.91015,-1.33114,0
0.199773,-0.322456,2.51395,0.0141234,0.00623538,0.00392856,3.74526,3.74281,3.74292,3.74547,3.74792,3.74782,0,-0,21.117,4.90877,-2.60179,0
0.193785,-0.320503,2.51332,0.0149011,0.00451744,0.00489802,3.74758,3.74364,3.74239,3.74508,3.74903,3.75028,0,-0,21.1224,5.17909,-5.76037,0
0.189224,-0.320242,2.51297,0.0151974,0.00325176,0.00558689,3.74813,3.74412,3.74286,3.74561,3.74962,3.75088,0,-0,21.1254,5.28205,-5.83459,0
0.181426,-0.321898,2.51259,0.0153387,0.00119499,0.00671409,3.74852,3.74466,3.74359,3.74636,3.75022,3.75129,0,-0,21.1286,5.33116,-5.4649,0
0.176664,-0.324157,2.51249,0.0151918,4.96005e-05,0.00738975,3.74849,3.74483,3.74393,3.74668,3.75033,3.75124,0,-0,21.1295,5.28012,-5.05503,0
0.171964,-0.327343,2.51248,0.0148468,-0.00100886,0.00805908,3.74834,3.74489,3.74413,3.74682,3.75027,3.75103,0,-0,21.1294,5.16018,-4.66418,0
0.164735,-0.334279,2.51264,0.0138451,-0.00254274,0.0091172,3.74863,3.74625,3.74491,3.74595,3.74833,3.74967,0,-0,21.1278,1.99598,-4.11955,0
0.160284,-0.339977,2.51284,0.0128677,-0.00345667,0.00980349,3.74845,3.74653,3.74502,3.74543,3.74736,3.74887,0,-0,21.1258,0.799708,-3.81004,0
0.154105,-0.350201,2.51326,0.0109044,-0.00473218,0.0108372,3.74752,3.74571,3.74752,3.74496,3.74677,3.74496,0,-0,21.1219,-0.961835,-0,-10.8372
0.150204,-0.358528,2.51361,0.00924397,-0.00557807,0.0115712,3.74845,3.74565,3.74614,3.74287,3.74568,3.74518,0,-0,21.1186,-2.07622,-2.55994,-11.5712
0.146828,-0.367505,2.51397,0.00742966,-0.00639405,0.0122921,3.74836,3.74552,3.74572,3.74177,3.74462,3.74442,0,-0,21.1153,-3.09523,-2.93442,-12.2921
0.144364,-0.375717,2.51428,0.00577067,-0.00714973,0.0128886,3.74829,3.74538,3.74533,3.74086,3.74377,3.74382,0,-0,21.1125,-3.88631,-3.28122,-12.8886
0.141441,-0.389357,2.51472,0.00302755,-0.00835237,0.0137732,3.7485,3.74574,3.74504,3.73928,3.74204,3.74274,0,-0,21.1086,-6.055,-3.83315,-13.7732
0.140273,-0.398457,2.51496,0.00120599,-0.00909821,0.0143047,3.74834,3.74532,3.74458,3.73871,3.74173,3.74248,0,-0,21.1066,-6.05007,-4.17543,-14.3047
0.13973,-0.408809,2.51518,-0.000852846,-0.00987986,0.0148631,3.7482,3.74487,3.74411,3.73824,3.74157,3.74233,0,-0,21.1049,-5.87538,-4.53415,-14.8631
0.14032,-0.421406,2.51535,-0.00327733,-0.0106996,0.0154851,3.7481,3.74436,3.74367,3.73791,3.74165,3.74234,0,-0,21.1036,-5.42563,-4.91036,-15.4851
0.141536,-0.42944,2.51541,-0.00478428,-0.0111212,0.0158526,3.7481,3.74412,3.74349,3.73782,3.7418,3.74243,0,-0,21.1034,-5.11608,-5.10382,-15.8526
0.144508,-0.440355,2.51541,-0.00681876,-0.0115108,0.0163162,3.74879,3.74515,3.74402,3.73725,3.74089,3.74202,0,-0,21.1037,-7.06396,-5.28265,-16.3162
0.147566,-0.44759,2.51536,-0.00819069,-0.0116004,0.0166002,3.74901,3.74535,3.74421,3.73728,3.74094,3.74208,0,-0,21.1044,-7.25803,-5.32378,-16.6002
0.153675,-0.457315,2.51521,-0.0100969,-0.0113756,0.0169487,3.74928,3.74561,3.74457,3.73757,3.74124,3.74228,0,-0,21.106,-7.27766,-5.2206,-16.9487
0.159112,-0.4632,2.51507,-0.0112414,-0.0109123,0.0171356,3.74937,3.7457,3.74486,3.73795,3.74163,3.74247,0,-0,21.1074,-7.01733,-5.00799,-17.1356
0.165366,-0.468065,2.51491,-0.0121629,-0.0101734,0.0172697,3.74877,3.74449,3.74456,3.73908,3.74336,3.74329,0,-0,21.1088,-4.22739,-4.66887,-17.2697
0.173976,-0.472525,2.51469,-0.0129629,-0.0088808,0.0173613,3.74666,3.74495,3.74748,3.74184,3.74355,3.74103,0,-0,21.1107,-4.50543,0.900557,-17.3613
0.181749,-0.47494,2.51449,-0.0133737,-0.00748563,0.0173782,3.74615,3.7453,3.74862,3.7429,3.74375,3.74044,0,-0,21.1122,-4.64821,2.73571,-17.3782
0.189288,-0.476144,2.5143,-0.013617,-0.00597078,0.0173473,3.74579,3.74561,3.74955,3.74379,3.74397,3.74003,0,-0,21.1137,-4.73277,4.16949,-17.3473
0.201328,-0.476137,2.51399,-0.0137134,-0.00347483,0.0172112,3.7448,3.74608,3.7514,3.74565,3.74437,3.73905,0,-0,21.1162,-4.76627,7.31454,-17.2112
0.209806,-0.474856,2.51376,-0.0135573,-0.00170722,0.0170544,3.74507,3.7464,3.75173,3.74604,3.74472,3.73939,0,-0,21.118,-4.71203,7.37408,-17.0544
0.218676,-0.472436,2.5135,-0.0131748,0.000127259,0.0168346,3.74551,3.74673,3.75195,3.74637,3.74515,3.73993,0,-0,21.1202,-4.57909,7.13375,-16.8346
0.226278,-0.46947,2.51325,-0.0126429,0.00164613,0.0165964,3.74597,3.74701,3.75206,3.74663,3.74558,3.74054,0,-0,21.1222,-4.3942,6.751,-16.5964
0.238341,-0.462951,2.51281,-0.011325,0.00398238,0.0161082,3.74582,3.74567,3.75137,3.74805,3.7482,3.74251,0,-0,21.1258,-0.50038,6.15054,-16.1082
0.246222,-0.457331,2.51248,-0.0100618,0.00549559,0.0156985,3.74494,3.7455,3.75243,3.74988,3.74932,3.74239,0,-0,21.1285,0.80986,8.30222,-15.6985
0.252619,-0.451829,2.51219,-0.00873811,0.00674321,0.0152967,3.74492,3.74542,3.75268,3.75075,3.75026,3.74299,0,-0,21.1309,1.86289,8.60022,-15.2967
0.26152,-0.442388,2.51175,-0.00646137,0.00854823,0.014593,3.74509,3.74549,3.75304,3.7519,3.7515,3.74395,0,-0,21.1346,3.12029,8.81584,-14.593
0.267657,-0.434184,2.51143,-0.00450249,0.00980399,0.0139557,3.74497,3.74476,3.75276,3.75302,3.75323,3.74523,0,-0,21.1374,5.58812,8.63391,-13.9557
0.272007,-0.427044,2.51119,-0.00280885,0.0106896,0.0133747,3.74694,3.74515,3.75137,3.75179,3.75359,3.74736,0,-0,21.1395,5.66815,4.90577,-13.3747
0.275865,-0.419113,2.511,-0.000948458,0.0114645,0.012693,3.74706,3.74558,3.75181,3.75231,3.75379,3.74756,0,-0,21.1413,5.57194,5.26137,-12.693
0.279396,-0.408843,2.51088,0.00136755,0.0121799,0.0117366,3.74713,3.74607,3.75218,3.75267,3.75373,3.74763,0,-0,21.1425,5.21494,5.58969,-11.7366
0.280672,-0.402846,2.5109,0.00268542,0.0125118,0.0111277,3.74705,3.74623,3.75224,3.75273,3.75356,3.74755,0,-0,21.1425,5.00823,5.74203,-11.1277
0.281304,-0.391822,2.51119,0.00511078,0.012934,0.00987495,3.74515,3.74615,3.75051,3.75386,3.75286,3.74851,0,-0,21.1403,6.44165,5.93581,0
0.28044,-0.385487,2.51156,0.00655722,0.0130097,0.00904508,3.74451,3.74544,3.7499,3.75342,3.75249,3.74804,0,-0,21.1373,6.76454,5.97054,0
0.277827,-0.378043,2.51231,0.00835976,0.0128382,0.0079158,3.74339,3.74422,3.7487,3.75235,3.75152,3.74704,0,-0,21.1311,7.00537,5.89184,0
0.274431,-0.372803,2.51315,0.00970111,0.0124274,0.00698091,3.74221,3.74296,3.74736,3.75102,3.75027,3.74587,0,-0,21.124,7.02448,5.70331,0
0.270177,-0.368673,2.51412,0.0108334,0.0117779,0.00608923,3.72687,3.72751,3.73175,3.73537,3.73473,3.73049,0,-0,21.0366,6.93786,5.40522,0
0.265256,-0.365615,2.5152,0.0117609,0.0109025,0.00524062,3.72634,3.72564,3.72708,3.72921,3.7299,3.72847,0,-0,21.0178,4.08764,0.816802,0
0.25706,-0.362897,2.5168,0.0127891,0.00921939,0.00405306,3.72604,3.72418,3.72465,3.72696,3.72881,3.72835,0,-0,21.0106,4.44503,-1.54257,0
0.251108,-0.362178,2.51764,0.0132859,0.00786462,0.00329235,3.73984,3.73731,3.7372,3.7396,3.74212,3.74224,0,-0,21.0851,4.61768,-2.92604,0
0.244083,-0.362354,2.51828,0.0137476,0.00622925,0.00245941,3.73936,3.73623,3.73559,3.73808,3.74121,3.74185,0,-0,21.0795,4.77814,-4.17903,0
0.236683,-0.363562,2.51859,0.0141089,0.00450291,0.00162967,3.74025,3.73567,3.73364,3.7362,3.74078,3.74281,0,-0,21.0767,4.90373,-7.32818,0
0.224821,-0.367494,2.51877,0.0144066,0.00174547,0.000351906,3.74003,3.73533,3.73325,3.73586,3.74055,3.74264,0,-0,21.0751,5.00721,-7.51644,0
0.217426,-0.371179,2.51872,0.0143954,3.56305e-05,-0.0004357,3.74002,3.7354,3.73339,3.73599,3.74061,3.74263,0,-0,21.0755,5.0033,-7.35494,0
0.207725,-0.377559,2.51843,0.0141019,-0.00213334,-0.00148634,3.74027,3.73589,3.73406,3.73662,3.741,3.74283,0,-0,21.0779,4.90131,-6.88291,0
0.200059,-0.384015,2.51797,0.0135902,-0.00380633,-0.00235054,3.74084,3.73668,3.73498,3.73744,3.7416,3.74331,0,-0,21.0819,4.72346,-6.50587,0
0.193725,-0.390475,2.5174,0.0129257,-0.00518685,-0.00310294,3.74272,3.73767,3.73496,3.7373,3.74235,3.74506,0,-0,21.0868,4.49249,-8.5924,0
0.18391,-0.40311,2.51604,0.0112866,-0.00740329,-0.00438367,3.76054,3.75641,3.75223,3.75219,3.75633,3.7605,0,-0,21.179,-0.0772689,-9.21339,0
0.178583,-0.411833,2.51496,0.00993264,-0.00868368,-0.00517591,3.76517,3.76132,3.75672,3.75597,3.75983,3.76443,0,-0,21.2027,-1.43364,-9.3722,0
0.173917,-0.42114,2.51375,0.0083242,-0.00983854,-0.00596965,3.76792,3.76442,3.75953,3.75814,3.76164,3.76653,0,-0,21.2165,-2.6699,-9.3038,0
0.16839,-0.435701,2.51213,0.00570829,-0.0112581,-0.00714404,3.76716,3.76421,3.75913,3.75701,3.75996,3.76504,0,-0,21.2112,-4.07488,-8.89599,0
0.165652,-0.44594,2.51128,0.00383265,-0.0120039,-0.0079413,3.75342,3.75257,3.74845,3.74518,3.74604,3.75016,0,-0,21.1392,-6.27267,-5.50896,0
0.163646,-0.457324,2.51061,0.00172476,-0.0126056,-0.00881578,3.7546,3.75366,3.74938,3.74605,3.747,3.75127,0,-0,21.1449,-6.39279,-5.78509,0
0.162645,-0.472154,2.51012,-0.00102934,-0.0130597,-0.00995696,3.75544,3.75437,3.75003,3.74677,3.74784,3.75218,0,-0,21.1493,-6.27076,-5.99349,0
0.163091,-0.482813,2.50982,-0.00297128,-0.0132258,-0.0107926,3.75485,3.75572,3.74938,3.7483,3.74743,3.75377,0,-0,21.152,-5.99435,-6.06972,10.7926
0.165415,-0.497215,2.50946,-0.0055618,-0.0132122,-0.0119674,3.75574,3.75724,3.75027,3.7486,3.74709,3.75407,0,-0,21.1553,-7.5643,-6.06345,11.9674
0.168252,-0.506815,2.50927,-0.00730288,-0.0129936,-0.0127919,3.74321,3.75784,3.76349,3.73612,3.74715,3.76716,0,-0.0152045,21.1571,-7.9405,-5.96312,12.7919
0.17244,-0.516535,2.50915,-0.00910358,-0.0125275,-0.0136548,3.74307,3.75828,3.76404,3.7362,3.74716,3.76755,0,-0.015496,21.1584,-8.19194,-5.74922,13.6548
0.177235,-0.524621,2.50914,-0.0106111,-0.011869,-0.0144059,3.74273,3.75844,3.76438,3.73623,3.74708,3.76771,0,-0.0157386,21.1586,-8.28668,-5.44702,14.4059
0.185137,-0.534122,2.50931,-0.0124534,-0.0105811,-0.015363,3.73984,3.75832,3.76663,3.73814,3.74671,3.76545,0,-0.0160237,21.1573,-8.35338,-0.295267,15.363
0.191507,-0.539604,2.50957,-0.0135778,-0.00939276,-0.0159837,3.73851,3.75795,3.76702,3.73841,3.7463,3.76456,0,-0.0161881,21.1551,-8.27127,1.30815,15.9837
0.198812,-0.544228,2.50998,-0.0145871,-0.00789819,-0.0165882,3.73695,3.75728,3.76712,3.73851,3.74574,3.76345,0,-0.0163268,21.1516,-8.0639,2.89875,16.5882
0.210347,-0.548784,2.51081,-0.0157052,-0.00548422,-0.0173827,3.73404,3.75473,3.76599,3.73865,3.74575,3.76228,0,-0.0164635,21.1444,-5.45855,4.61256,17.3827
0.217947,-0.55027,2.51147,-0.0161707,-0.00389512,-0.0178269,3.73177,3.75385,3.76625,3.73884,3.74462,3.76008,0,-0.0165081,21.1388,-5.62034,7.34014,17.8269
0.230434,-0.550413,2.51271,-0.0165321,-0.00130382,-0.0184521,3.71704,3.73931,3.75159,3.72422,3.72983,3.74542,0,-0.0165124,21.0561,-5.74594,7.40034,18.4521
0.238283,-0.5491,2.51357,-0.0165654,0.000293046,-0.018789,3.71494,3.73714,3.74922,3.72198,3.72758,3.74331,0,-0.016473,21.0436,-5.75752,7.18354,18.789
0.247198,-0.546269,2.5146,-0.016407,0.00203227,-0.0191263,3.71432,3.73631,3.74807,3.72106,3.72674,3.74264,0,-0.0163881,21.0389,-5.70246,6.7416,19.1263
0.25915,-0.54004,2.51568,-0.0157728,0.00426166,-0.0195052,3.7259,3.74748,3.75881,3.7323,3.73807,3.75409,0,-0.0162012,21.1023,-5.48203,6.15575,19.5052
0.265872,-0.535133,2.51602,-0.0151369,0.00548911,-0.0196795,3.72442,3.74684,3.75907,3.73296,3.73763,3.75251,0,-0.016054,21.0993,-5.26104,8.36617,19.6795
0.2732,-0.528393,2.51612,-0.0141328,0.00683385,-0.0198329,3.72323,3.74465,3.75783,3.73412,3.73946,3.75303,0,-0.0158518,21.0983,-1.37409,8.692,19.8329
0.283347,-0.515947,2.51598,-0.0119735,0.0087577,-0.0199651,3.72298,3.74363,3.7572,3.73535,3.74083,3.75339,0,-0.0154784,21.0993,0.944582,8.96887,19.9651
0.288534,-0.507623,2.51574,-0.0103614,0.00973753,-0.0199832,3.72325,3.74329,3.75692,3.73617,3.74184,3.75391,0,-0.0152287,21.1011,2.24328,8.82637,19.9832
0.295462,-0.493078,2.51509,-0.00746119,0.0109989,-0.0199202,3.73831,3.74334,3.74287,3.74869,3.74367,3.74414,0,-0,21.1064,3.94338,5.04774,19.9202
0.298713,-0.483899,2.51455,-0.0056226,0.01155,-0.0198288,3.73878,3.74367,3.74356,3.74984,3.74495,3.74506,0,-0,21.111,4.83978,5.30062,19.8288
