5.23784,5.27081,5.40664,5.3326,5.17605,5.5014,0.1,-0.1,30,-0,-0,500
5.23784,5.27081,5.40664,5.3326,5.17605,5.5014,0.1,-0.1,30,-0,-0,500
4.83521,4.9921,5.09576,4.93292,4.89092,5.184,0.1,-0.1,28.0659,-0,-0,500
4.83521,4.9921,5.09576,4.93292,4.89092,5.184,0.1,-0.1,28.0659,-0,-0,500
4.86172,4.76401,4.92827,4.94678,4.67132,5.03329,0.1,-0.1,27.2794,-3.79228,-5.75942,500
4.27002,4.16769,4.31158,4.31869,4.03906,4.4232,0.1,-0.1,23.0805,-36.2219,-29.3157,500
3.37716,3.26486,3.37043,3.34904,3.06636,3.49742,0.1,-0.1,17.05,-100,-79.9071,500
2.89532,2.7782,2.88536,2.86991,2.57566,3.01573,0.1,-0.1,13.5671,-100,-80.0994,500
2.87923,2.76042,2.87,2.86665,2.55502,2.99653,0.1,-0.1,12.4019,-100,-72.0318,500
3.19796,3.08216,3.20533,3.22721,2.89369,3.31928,0.1,-0.1,13.4209,-82.6164,-44.4861,500
3.60987,3.47962,3.62365,3.67032,3.33182,3.72915,0.1,-0.1,15.0147,-53.5987,-26.1902,445.598
4.11754,3.95216,4.14257,4.20374,3.88123,4.22695,0.1,-0.1,17.2756,-7.49725,-3.7971,296.223
4.41776,4.21423,4.44441,4.51275,4.20983,4.5141,0.1,-0.1,18.2737,29.2866,6.48805,147.591
4.45725,4.22393,4.47414,4.54664,4.2567,4.5339,0.1,-0.1,17.7508,45.2947,7.11164,35.8139
4.2176,3.95566,4.21464,4.28106,4.00478,4.25905,0.1,-0.1,15.5272,41.5255,0.575888,-81.2206
3.99966,3.7202,3.98078,4.03714,3.76586,4.01094,0.1,-0.1,13.3634,27.479,-5.62262,-156.092
3.53435,3.49119,3.69251,3.54368,3.51013,3.68783,0.1,-0.1,10.8016,3.05097,-11.6697,-236.017
3.45085,3.399,3.60363,3.44183,3.40735,3.58441,0.1,-0.1,9.6553,-10.981,-12.7484,-276.779
3.44715,3.38406,3.60107,3.42003,3.38532,3.56932,0.1,-0.1,8.92716,-22.0653,-14.7833,-315.28
3.54877,3.47646,3.69531,3.50948,3.47986,3.65424,0.1,-0.1,8.91951,-25.4435,-15.4436,-350.777
3.70667,3.62217,3.84848,3.66088,3.63639,3.80465,0.1,-0.1,9.28671,-20.1703,-16.6425,-377.396
3.85546,3.75876,3.98851,3.80947,3.79081,3.94804,0.1,-0.1,9.60899,-7.27087,-17.799,-391.11
3.85581,3.93303,3.98088,3.81263,3.98069,3.94427,-0.0251235,-0.1,9.54617,4.66193,-17.793,-394.46
3.8433,4.02241,3.96324,3.80285,4.08166,3.92841,-0.1,-0.1,9.24457,13.1172,-16.7906,-392.966
3.74737,3.92342,3.87098,3.71688,3.99381,3.83384,-0.1,-0.1,8.27842,22.421,-9.62562,-383.298
3.66056,3.84127,3.78909,3.64193,3.91892,3.7443,-0.1,-0.1,7.38327,28.5173,1.41827,-371.291
3.86341,3.72562,3.66328,3.84413,3.81462,3.62113,-0.1,-0.0111688,6.79787,26.474,10.3058,-360.573
3.88698,3.67416,3.51983,3.88131,3.75179,3.45697,-0.1,0.1,6.08972,17.9022,29.6418,-337.28
3.89914,3.69936,3.53425,3.89192,3.77038,3.46551,-0.1,0.1,5.79143,12.8204,32.6163,-320.804
3.90276,3.71379,3.55269,3.89387,3.7787,3.48221,-0.1,0.1,5.54275,9.33158,33.4258,-301.383
3.91131,3.7413,3.56975,3.90352,3.80135,3.50277,-0.1,0.1,5.34049,9.23819,33.2742,-268.976
3.91283,3.75864,3.58578,3.90426,3.81643,3.52842,-0.1,0.1,5.14063,11.8464,29.0003,-235.004
3.90684,3.76724,3.59814,3.89714,3.8236,3.55151,-0.1,0.1,4.91636,14.9557,24.0811,-202.019
3.91112,3.78124,3.63392,3.90196,3.8428,3.59583,-0.1,0.1,4.7508,22.0358,21.4738,-181.758
3.88495,3.77013,3.6288,3.87812,3.83093,3.59962,-0.1,0.1,4.44893,25.8104,19.3131,-149.375
3.86308,3.76415,3.63475,3.85857,3.82207,3.60901,-0.1,0.1,4.15307,26.6071,20.0746,-122.851
3.65778,3.7436,3.79487,3.6574,3.79417,3.76958,-0.1,-0.1,3.79789,24.2439,23.1084,-92.7024
3.64692,3.7479,3.80732,3.64817,3.79236,3.78016,-0.1,-0.1,3.58441,21.2836,25.802,-74.0969
3.62041,3.73734,3.79932,3.62352,3.76815,3.76739,-0.1,-0.1,3.30366,12.583,30.0083,-49.0278
3.61813,3.74461,3.80954,3.62029,3.76125,3.7717,-0.1,-0.1,3.12989,2.31735,33.2582,-30.8055
3.61167,3.74661,3.80709,3.61141,3.74472,3.76387,-0.1,-0.1,2.92524,-11.1398,35.4275,-7.57939
3.62542,3.75912,3.8198,3.62129,3.74663,3.77612,-0.1,-0.1,2.80818,-18.7299,34.1905,6.98431
3.63504,3.76492,3.81908,3.62395,3.74199,3.77976,-0.1,-0.1,2.66372,-26.1864,28.6822,23.3024
3.73966,3.567,3.90984,3.7252,3.54745,3.88323,0.1,-0.1,2.52937,-21.5768,20.5223,35.1825
3.75424,3.56966,3.90854,3.73844,3.55625,3.89288,0.1,-0.1,2.42612,-15.7511,14.5131,41.9664
3.75338,3.55222,3.88709,3.73463,3.54864,3.888,0.1,-0.1,2.24505,-6.59119,4.24615,48.471
3.75935,3.5398,3.8749,3.7375,3.54136,3.88901,0.1,-0.1,2.09995,-1.65472,-4.51881,56.5048
3.76627,3.52744,3.86552,3.74288,3.53215,3.88847,0.1,-0.1,1.95994,1.23374,-10.3556,62.5419
3.77091,3.5163,3.85866,3.74867,3.52166,3.88541,0.1,-0.1,1.83447,2.21915,-12.2998,68.5624
3.77897,3.51058,3.85857,3.76055,3.51489,3.8838,0.1,-0.1,1.74147,1.61764,-10.2039,72.5923
3.7929,3.51255,3.86915,3.77838,3.51472,3.89081,0.1,-0.1,1.68546,-0,-7.427,74.6137
3.80279,3.51133,3.87519,3.7936,3.51165,3.89195,0.1,-0.1,1.62055,-1.14656,-3.21869,76.0448
3.91804,3.51227,3.77956,3.90777,3.51072,3.79717,0.1,0.0204625,1.56976,-2.39457,-5.77282,76.1767
3.9941,3.51112,3.71827,3.98598,3.50772,3.73328,0.1,0.1,1.50963,-3.64276,-4.49515,75.7143
3.99478,3.50103,3.71449,3.98765,3.49771,3.72941,0.1,0.1,1.40673,-3.23193,-5.04641,74.0993
3.82651,3.57579,3.7322,3.82664,3.56456,3.73811,0.1,0.1,1.2923,1.68042,-7.45656,71.6334
3.81933,3.5609,3.72925,3.82035,3.55671,3.74133,0.1,0.1,1.18225,8.35171,-11.2789,68.4396
3.82139,3.55917,3.74054,3.82289,3.55919,3.75645,0.1,0.1,1.13993,12.2548,-13.8494,65.3656
3.83139,3.5654,3.75556,3.83537,3.57591,3.77738,0.1,0.1,1.15695,21.3938,-16.1894,58.5458
3.74671,3.77425,3.67658,3.75269,3.78718,3.70043,-0.1,0.1,1.19497,24.0709,-16.5317,58.4207
3.7439,3.78601,3.70742,3.7497,3.79939,3.72823,-0.1,0.0848543,1.20965,23.3935,-15.3255,48.7012
3.74646,3.69999,3.84738,3.74996,3.72333,3.87281,-0.1,-0.1,1.16744,20.3936,-9.03568,42.6865
3.7423,3.70478,3.84988,3.74509,3.72494,3.87211,-0.1,-0.1,1.11839,17.671,-8.05145,38.7637
3.71785,3.69774,3.84313,3.7286,3.70817,3.84646,-0.1,-0.1,0.976488,8.67887,6.40255,34.1614
3.70119,3.69644,3.83296,3.71236,3.69569,3.82461,-0.1,-0.1,0.852975,-1.12645,12.6331,31.944
3.68029,3.68864,3.81629,3.68883,3.67185,3.79397,-0.1,-0.1,0.688326,-15.7127,18.542,29.1485
3.67614,3.6896,3.80873,3.67548,3.65656,3.77862,-0.1,-0.1,0.593907,-30.8932,17.7143,26.4575
3.68109,3.69865,3.8056,3.67646,3.66411,3.77788,-0.1,-0.1,0.569802,-31.9402,14.4583,24.955
3.69872,3.70901,3.80876,3.68852,3.68066,3.79219,-0.1,-0.1,0.598994,-26.5656,5.83441,22.6353
3.71713,3.72292,3.81341,3.70161,3.69586,3.80352,-0.1,-0.1,0.633758,-26.3691,-0,21.6102
3.75505,3.73331,3.79352,3.73857,3.71672,3.79456,-0.1,-0.0738419,0.677767,-17.6988,-5.91717,19.8691
3.90989,3.73508,3.64394,3.89705,3.73001,3.65252,-0.1,0.1,0.678693,-8.33744,-7.5328,18.3442
3.91118,3.73194,3.63779,3.9034,3.7357,3.65005,-0.1,0.1,0.646575,-1.39225,-6.57335,17.3553
3.89884,3.72031,3.62154,3.8993,3.73556,3.63683,-0.1,0.1,0.561909,8.41103,-3.79758,16.2635
3.88797,3.71074,3.6151,3.89724,3.73868,3.63413,-0.1,0.1,0.504297,19.7973,-1.30789,15.3606
3.87219,3.70345,3.60929,3.88825,3.73592,3.62551,-0.1,0.1,0.42975,23.6216,3.61092,13.8703
3.86256,3.70463,3.61436,3.88234,3.734,3.6234,-0.1,0.1,0.390183,20.682,9.26051,12.7274
3.85727,3.71512,3.62371,3.87785,3.7387,3.626,-0.1,0.1,0.379761,15.7724,13.0842,11.9289
3.85602,3.72649,3.64039,3.87501,3.74101,3.63507,-0.1,0.1,0.386842,8.24418,16.3103,11.2582
3.85336,3.7401,3.65614,3.87326,3.74597,3.64106,-0.1,0.1,0.398892,1.1194,22.3148,10.5095
3.77296,3.74665,3.74436,3.79076,3.74832,3.72713,-0.1,0.00773204,0.397982,-1.82817,22.6661,10.0986
3.67704,3.74984,3.84056,3.69028,3.74852,3.82461,-0.1,-0.1,0.377574,-3.85773,20.0099,9.28211
3.66932,3.74446,3.83754,3.67586,3.74071,3.82564,-0.1,-0.1,0.323323,-5.74806,14.783,8.63345
3.66203,3.74317,3.83245,3.66284,3.73587,3.8226,-0.1,-0.1,0.270127,-8.88059,11.4148,8.13264
3.65894,3.73869,3.82473,3.6542,3.72659,3.81559,-0.1,-0.1,0.212207,-13.4389,8.85144,7.85984
3.66134,3.73802,3.81933,3.65349,3.72434,3.81171,-0.1,-0.1,0.186071,-15.0641,6.93366,7.66738
3.66639,3.73831,3.81348,3.65395,3.71949,3.80522,-0.1,-0.1,0.159212,-20.345,5.23355,7.36862
3.70633,3.7398,3.77489,3.6935,3.72176,3.76791,-0.1,-0.0606657,0.151581,-20.0815,4.61659,7.40772
3.8485,3.73944,3.63341,3.83682,3.72478,3.62865,-0.1,0.1,0.146037,-17.5208,4.10756,7.26743
3.85333,3.73577,3.62646,3.84463,3.72822,3.6257,-0.1,0.1,0.136908,-11.6292,3.46483,6.91677
3.85386,3.73006,3.61804,3.84858,3.73072,3.62205,-0.1,0.1,0.115949,-4.72801,2.51855,6.72938
3.84957,3.72201,3.61115,3.85003,3.73631,3.62289,-0.1,0.1,0.0957048,7.39685,1.16019,6.38024
3.84465,3.71766,3.60982,3.84985,3.74108,3.62589,-0.1,0.1,0.083831,15.4124,1.08303,6.19256
3.83639,3.71285,3.60987,3.84931,3.74687,3.62896,-0.1,0.1,0.0712718,25.2081,3.323,6.36682
3.83033,3.71461,3.61592,3.84609,3.74685,3.6307,-0.1,0.1,0.0641067,23.6995,6.92728,6.84665
3.79918,3.71982,3.64912,3.81775,3.74434,3.65395,-0.1,0.0717623,0.0566473,17.0975,13.5939,7.83076
3.6482,3.72519,3.8031,3.6667,3.74187,3.80057,-0.1,-0.1,0.0513824,10.8474,17.3249,8.4733
3.64158,3.72828,3.8096,3.66054,3.73953,3.80181,-0.1,-0.1,0.0420119,7.03536,20.3556,9.4835
3.63872,3.73446,3.8149,3.65109,3.73203,3.80028,-0.1,-0.1,0.0272495,-4.7729,20.5937,9.88046
3.63763,3.73814,3.81449,3.64114,3.7211,3.79454,-0.1,-0.1,0,-17.69,18.9206,10.5372
3.6437,3.7432,3.81391,3.63885,3.71773,3.7941,-0.1,-0.1,0,-24.9679,14.6803,10.7287
3.65152,3.74471,3.80867,3.64035,3.7178,3.7936,-0.1,-0.1,0,-26.0449,9.25723,10.2823
3.66127,3.74586,3.80076,3.64103,3.71796,3.79358,-0.1,-0.1,0,-27.3776,0.44964,9.78044
3.66902,3.74342,3.79169,3.64559,3.72115,3.7932,-0.1,-0.1,0,-22.8367,-5.63922,9.31979
3.72627,3.6424,3.82669,3.69875,3.6308,3.84288,-0.000899822,-0.1,0,-13.9022,-15.8058,8.92949
3.77958,3.53967,3.86908,3.75648,3.53669,3.88945,0.1,-0.1,0,-6.85809,-15.7579,8.69748
3.92045,3.56251,3.77797,3.90653,3.57127,3.80051,0.1,0.0325652,0.155137,3.03262,-12.397,7.81539
4.01664,3.59134,3.75179,4.0106,3.61018,3.77628,0.1,0.1,0.356434,11.6531,-9.97415,7.21177
4.02176,3.58862,3.7503,4.0177,3.60847,3.77387,0.1,0.1,0.356781,12.1411,-9.27047,7.1425
3.94769,3.66186,3.67402,3.94469,3.68119,3.69618,-0.00587597,0.1,0.203803,11.5852,-8.96614,7.31852
3.87799,3.72676,3.6088,3.87465,3.74398,3.62925,-0.1,0.1,0.0574283,9.94062,-9.12288,7.29746
3.85634,3.70519,3.59658,3.85363,3.72079,3.61482,-0.1,0.1,-0.0619698,9.02733,-8.36433,7.26155
3.80352,3.6576,3.55888,3.80446,3.67181,3.57211,-0.1,0.1,-0.334611,8.49195,-4.31952,7.23185
3.67827,3.66137,3.68901,3.68354,3.67507,3.69748,-0.1,-0.0407897,-0.326507,8.86717,-0,7.25246
3.63421,3.67568,3.75921,3.64439,3.69402,3.76747,-0.1,-0.1,-0.243399,14.0095,2.32686,7.28302
3.66958,3.72225,3.80714,3.68168,3.73736,3.81319,-0.1,-0.1,0,12.4826,4.25052,12.3443
3.66539,3.72903,3.81157,3.67505,3.73416,3.80997,-0.1,-0.1,0,3.60582,6.95415,12.0742
3.66716,3.73928,3.81541,3.66885,3.72748,3.80188,-0.1,-0.1,0,-12.7743,9.19404,6.70474
3.66918,3.74474,3.81454,3.66737,3.72578,3.79689,-0.1,-0.1,0,-19.0906,9.71563,5.71386
3.67398,3.74899,3.80948,3.66734,3.72632,3.79242,-0.1,-0.1,0,-22.3951,7.11718,4.55825
3.67873,3.75011,3.80211,3.66928,3.72957,3.78998,-0.1,-0.1,0,-20.4859,3.3535,4.40678
3.68502,3.75182,3.79411,3.67088,3.73206,3.78759,-0.1,-0.1,0,-20.3158,-1.80625,4.5653
3.68964,3.7514,3.78622,3.67501,3.73622,3.78501,-0.1,-0.1,0,-16.781,-4.51733,4.95405
3.82252,3.75044,3.64839,3.81021,3.7408,3.65333,-0.1,0.0533502,0,-11.6038,-6.28598,10.0903
3.86325,3.74746,3.60205,3.8557,3.74746,3.6117,-0.1,0.1,0,-3.37284,-6.13562,9.82493
3.86424,3.74478,3.59549,3.86195,3.75427,3.60928,-0.1,0.1,0,4.65173,-5.57335,9.65066
3.86065,3.74004,3.59116,3.86615,3.76329,3.61087,-0.1,0.1,0,17.0785,-4.74761,9.47341
3.85425,3.73947,3.59244,3.86588,3.76961,3.61284,-0.1,0.1,0,23.2036,-2.06147,9.17934
3.84791,3.74204,3.59805,3.86164,3.77293,3.61421,-0.1,0.1,0,23.0143,1.10788,3.92964
3.67907,3.8376,3.63108,3.7004,3.85092,3.62793,-0.1,0.1,0,19.0656,5.17382,3.53921
3.75514,3.75321,3.69267,3.77041,3.77328,3.69638,-0.1,0.00661758,0,14.0385,8.3273,3.4841
3.65733,3.75797,3.78931,3.67322,3.77532,3.78942,-0.1,-0.1,0,12.4706,10.6362,2.88741
3.65266,3.7644,3.794,3.66563,3.77564,3.7907,-0.1,-0.1,0,7.48082,11.1367,2.35696
3.64778,3.77296,3.80021,3.66196,3.77339,3.78798,-0.1,-0.1,0,-0.87783,17.1697,7.69868
3.65078,3.78385,3.80401,3.65716,3.76756,3.78269,-0.1,-0.1,0,-16.0402,18.4219,7.41973
3.63259,3.76677,3.77965,3.63317,3.74322,3.75671,-0.1,-0.1,-0.127804,-22.4105,16.7146,7.16984
3.49597,3.81447,3.8205,3.49784,3.77677,3.788,-0.0557764,-0.1,-0.135816,-23.3719,12.8775,6.98492
3.58167,3.66656,3.89277,3.57614,3.62718,3.86588,0.1,-0.1,-0.121311,-25.2787,6.41426,6.72169
3.6137,3.68464,3.90118,3.59581,3.65246,3.89053,0.1,-0.1,0,-20.227,-8.64801,0.775401
3.62211,3.68059,3.88668,3.59865,3.65755,3.88939,0.1,-0.1,0,-13.1732,-18.337,-1.85427
3.748,3.70448,3.81702,3.72323,3.68965,3.82868,0.1,0.00299237,0.169247,-7.09793,-23.332,-3.23947
3.84828,3.70729,3.73451,3.82697,3.70287,3.75289,0.1,0.1,0.229767,1.25471,-24.859,-3.94413
3.85217,3.69902,3.72414,3.83949,3.70838,3.74762,0.1,0.1,0.229183,13.0814,-23.1506,-4.27314
3.84645,3.68239,3.70491,3.83554,3.7005,3.73528,0.1,0.1,0.165596,20.3861,-26.6196,-4.57693
3.97998,3.56044,3.64979,3.96778,3.59541,3.69211,0.1,0.1,0,23.4177,-24.3793,-5.11931
3.81343,3.64771,3.6788,3.81771,3.67696,3.70439,0.1,0.1,0,30.1449,-17.5287,-6.09891
3.80198,3.66168,3.67888,3.81234,3.69055,3.69828,0.0857991,0.1,0,30.3456,-11.8735,-5.61745
3.70441,3.84462,3.60013,3.72046,3.86876,3.60818,-0.1,0.1,0,26.5286,-3.62407,-7.07976
3.69847,3.8479,3.60984,3.71612,3.86535,3.60949,-0.1,0.1,0,21.3152,1.06804,-7.19705
3.52115,3.85407,3.79145,3.54521,3.86093,3.77386,-0.1,-0.1,0,12.2962,13.7045,-7.55063
3.54085,3.89045,3.82639,3.56373,3.88835,3.80117,-0.1,-0.1,0.155756,5.23972,17.0964,-7.1858
3.53741,3.90176,3.83094,3.55591,3.89068,3.80136,-0.1,-0.1,0.16408,-2.19681,17.3912,-6.68195
3.70321,3.82585,3.80738,3.70604,3.81406,3.7867,-0.1,-0.1,0.177301,-14.6512,15.0071,-6.73216
3.70945,3.83894,3.80379,3.70167,3.81526,3.78177,-0.1,-0.1,0.183182,-25.7512,11.0053,-6.77295
3.71349,3.84463,3.79578,3.70204,3.82039,3.77757,-0.1,-0.1,0.182465,-26.2212,8.09053,-5.36296
3.67831,3.80774,3.74864,3.66544,3.78939,3.7406,-0.1,-0.1,-0.0336678,-20.1725,2.6966,0
3.62763,3.75284,3.68855,3.61583,3.74499,3.68973,-0.1,-0.1,-0.331786,-11.0349,-1.14608,0
3.61976,3.74324,3.67275,3.60745,3.73799,3.67681,-0.1,-0.1,-0.396503,-9.8241,-2.56164,0
3.62464,3.74649,3.67338,3.61632,3.74807,3.68011,-0.1,-0.1,-0.369385,-4.34059,-1.69126,0
3.67989,3.72692,3.72761,3.67811,3.73429,3.73342,-0.0488246,-0.1,-0.185767,0.289354,2.32579,0
3.76598,3.64059,3.81456,3.77363,3.65604,3.81886,0.0697483,-0.1,0,7.37516,8.05011,0
3.77928,3.6108,3.82675,3.78946,3.6258,3.82793,0.1,-0.1,0,6.60185,10.7415,0
3.80115,3.61199,3.80454,3.81159,3.62172,3.8034,0.1,-0.0748125,0,2.63279,11.8715,5.84576
3.94095,3.6143,3.6711,3.94391,3.61351,3.66783,0.1,0.0839741,0,-6.81143,8.78562,7.70357
3.9627,3.61574,3.66009,3.9561,3.60234,3.65412,0.1,0.1,0,-18.2303,5.07251,8.52462
3.96844,3.61133,3.66042,3.95464,3.5965,3.66041,0.1,0.1,0,-19.0739,-1.99036,8.95936
3.96981,3.60288,3.66286,3.9536,3.59328,3.67061,0.1,0.1,0,-13.8545,-7.39146,9.15713
3.96784,3.5902,3.66393,3.95209,3.59431,3.68631,0.1,0.1,0,-0.54917,-15.1224,11.5011
3.91521,3.67302,3.6188,3.90318,3.69291,3.65328,0.00178035,0.1,0,14.1199,-19.8661,11.4512
3.85834,3.75982,3.5763,3.85329,3.79343,3.61729,-0.1,0.1,0,26.683,-20.0176,10.9219
3.85152,3.75434,3.58736,3.85141,3.79001,3.62588,-0.1,0.1,0,28.6501,-16.634,11.3872
3.81286,3.72433,3.57477,3.82573,3.76289,3.6036,-0.1,0.1,-0.14876,31.9659,-5.09748,11.8569
3.62546,3.72121,3.75304,3.64934,3.75474,3.76607,-0.1,-0.1,-0.182732,28.224,8.60894,12.0263
3.61752,3.72957,3.76929,3.64665,3.75412,3.76823,-0.1,-0.1,-0.169115,21.0826,18.2745,12.0015
3.45448,3.83316,3.81038,3.48855,3.83308,3.78601,-0.1,-0.1,-0.137347,11.7284,22.6965,12.1898
3.47615,3.86905,3.84461,3.50827,3.84864,3.80196,-0.1,-0.1,0,-6.08241,31.631,12.0872
3.48297,3.88309,3.84824,3.49987,3.83765,3.79238,-0.1,-0.1,0,-29.7589,31.0548,5.74335
3.49005,3.88908,3.84015,3.49728,3.83608,3.78675,-0.1,-0.1,0,-36.1884,25.4986,5.80154
3.78672,3.63329,3.92132,3.77128,3.58812,3.89272,0.1,-0.1,0.136852,-41.2225,11.4163,5.71534
3.8087,3.64178,3.90992,3.78012,3.60415,3.90222,0.1,-0.1,0.189618,-35.0848,-5.6653,5.5404
3.80996,3.62397,3.87755,3.76957,3.59874,3.8942,0.1,-0.1,0.121628,-24.8169,-24.0873,5.35935
3.82478,3.59234,3.81415,3.78343,3.58378,3.84846,0.1,-0.0673422,0,-10.7155,-33.3534,5.16415
3.97274,3.58005,3.66344,3.93935,3.5893,3.7076,0.1,0.1,0,4.05669,-34.0481,4.96954
3.97937,3.57069,3.65718,3.95052,3.59168,3.7085,0.1,0.1,0,13.5322,-36.2261,4.80056
3.95381,3.53446,3.63293,3.94016,3.57038,3.68383,0.1,0.1,-0.137636,26.6735,-29.1026,4.50842
3.9462,3.52616,3.63769,3.94433,3.5662,3.68077,0.1,0.1,-0.153742,30.277,-20.0231,4.23074
3.84401,3.71988,3.5557,3.85617,3.76367,3.58832,-0.1,0.1,-0.130523,34.196,-8.45647,3.91997
3.85898,3.74177,3.59242,3.87882,3.78118,3.61285,-0.1,0.1,0,31.0148,0.675077,3.70339
3.84654,3.74543,3.61155,3.87798,3.77361,3.60897,-0.1,0.1,0,21.7438,18.3451,3.40387
3.50861,3.84064,3.81734,3.5465,3.84604,3.79137,-0.1,-0.0983062,0,14.1883,23.3935,3.22573
3.50091,3.85026,3.83063,3.53279,3.84057,3.79541,-0.1,-0.1,0,1.53026,24.8469,2.94656
3.49915,3.859,3.8373,3.51944,3.83746,3.79854,-0.1,-0.1,0,-9.31684,20.9003,-2.81543
3.50454,3.87209,3.83745,3.50707,3.83288,3.79607,-0.1,-0.1,0,-26.2119,13.579,-7.72115
3.50946,3.87729,3.83029,3.50384,3.83483,3.79321,-0.1,-0.1,0,-29.2371,8.22633,-8.95769
3.51637,3.88013,3.81793,3.50268,3.83975,3.79061,-0.1,-0.1,0,-27.7506,-0,-9.76684
3.52444,3.88205,3.8034,3.50488,3.84524,3.78571,-0.1,-0.1,0,-25.4742,-7.02272,-9.4759
3.53818,3.86292,3.79544,3.51926,3.83837,3.78978,-0.0829526,-0.1,0,-15.2131,-12.1153,-8.71275
3.82167,3.70347,3.72333,3.80957,3.69443,3.72677,0.1,0.1,0.128905,-2.05019,-12.5812,-7.85187
3.82853,3.70665,3.71637,3.82274,3.70729,3.72312,0.1,0.1,0.154441,5.53665,-10.5599,-7.83416
3.82467,3.69595,3.69883,3.82881,3.71444,3.71329,0.1,0.1,0.128375,20.9867,-9.30981,-8.04336
3.80365,3.67171,3.6709,3.81032,3.69538,3.68813,0.1,0.1,0,24.9491,-9.63237,-7.73584
3.80297,3.67286,3.67174,3.81099,3.69619,3.6873,0.1,0.1,0,24.1506,-8.27856,-7.58081
3.76447,3.74354,3.63869,3.77559,3.76861,3.65294,0.0265019,0.1,0,26.0069,-6.17352,-7.35719
3.70046,3.8662,3.58358,3.7123,3.88775,3.59358,-0.0979349,0.1,0,23.2969,-3.72768,-7.2466
3.69516,3.87107,3.59043,3.70681,3.88658,3.59298,-0.1,0.1,0,18.0033,-0,-9.96108
3.54159,3.89843,3.79054,3.55596,3.90708,3.78329,-0.1,-0.1,0.127237,12.5161,6.73058,-10.2308
3.53685,3.90779,3.80008,3.5528,3.91234,3.78713,-0.1,-0.1,0.147941,9.75445,10.647,-10.1617
3.52687,3.91371,3.80239,3.5426,3.90945,3.7811,-0.1,-0.1,0.129324,2.34711,15.1807,-9.5938
3.53777,3.83265,3.81559,3.55056,3.81543,3.78726,-0.0276705,-0.1,0,-8.36451,17.7824,-4.11198
3.76458,3.62871,3.85173,3.76482,3.61254,3.83081,0.1,-0.1,0,-19.3888,17.694,-4.32082
3.76828,3.63447,3.84609,3.76381,3.61543,3.82678,0.1,-0.1,0,-22.0434,14.8739,-4.53316
3.77607,3.63552,3.836,3.76334,3.61824,3.8265,0.1,-0.1,0,-20.748,5.73262,-4.78938
3.78455,3.63113,3.82761,3.76431,3.61891,3.83045,0.1,-0.1,0,-16.6165,-4.53333,-4.92424
3.7927,3.62749,3.82498,3.76594,3.61427,3.83315,0.1,-0.1,0,-18.4237,-10.5604,-4.94242
3.7986,3.6195,3.82211,3.77166,3.6123,3.8363,0.1,-0.1,0,-13.695,-13.7827,-4.85502
3.64077,3.70131,3.8468,3.623,3.6875,3.85106,0.1,-0.1,0,-8.53294,-13.9515,-4.69163
3.74339,3.69222,3.74515,3.73355,3.68568,3.75251,0.1,0.0198373,0,-1.18179,-11.9147,2.37728
3.81223,3.68243,3.67643,3.81035,3.68594,3.68639,0.1,0.1,0,7.94074,-9.7685,3.62935
3.81472,3.67659,3.67535,3.81764,3.68456,3.68471,0.1,0.1,0,11.52,-7.63597,3.32865
3.81606,3.67264,3.67512,3.82113,3.68311,3.68438,0.1,0.1,0,13.416,-7.09388,2.46123
3.81602,3.66923,3.67683,3.82179,3.68221,3.68482,0.1,0.1,0,14.7442,-6.52518,-3.15852
3.75219,3.7902,3.61991,3.75796,3.80186,3.62685,-0.0251468,0.1,0,13.8266,-6.37426,-2.99566
3.71258,3.86301,3.58777,3.7177,3.87258,3.59347,-0.1,0.1,0,12.3152,-6.3015,-2.92465
3.70606,3.86055,3.59139,3.71546,3.87451,3.59735,-0.1,0.1,0,17.1003,-4.22072,-2.83733
3.69796,3.86256,3.5963,3.71036,3.87657,3.59942,-0.1,0.1,0,17.8295,-1.09869,-2.78518
3.54066,3.88923,3.79283,3.55865,3.90308,3.79032,-0.1,-0.1,0.125705,18.3729,5.03864,-2.70881
3.53784,3.90286,3.80479,3.55907,3.91385,3.7963,-0.1,-0.1,0.165187,16.3613,10.1354,-2.63907
3.52741,3.90784,3.80436,3.54814,3.91273,3.79037,-0.1,-0.1,0.143827,11.23,13.0232,-2.60018
3.5284,3.92413,3.81039,3.54506,3.91311,3.78465,-0.1,-0.1,0.157147,-3.25271,17.5854,-2.54571
3.5312,3.93692,3.81078,3.5432,3.91458,3.77845,-0.1,-0.1,0.163981,-13.3751,19.1656,-2.53476
3.59939,3.82605,3.86906,3.60346,3.79131,3.83229,0.0271372,-0.1,0.167046,-24.7663,18.0531,-2.56941
3.63932,3.7605,3.8957,3.63987,3.72542,3.86216,0.1,-0.1,0.164988,-25.1214,15.2759,-2.6264
3.62366,3.74032,3.86001,3.61532,3.70612,3.83622,0.1,-0.1,0.0284518,-24.8494,5.97566,-2.75783
3.59728,3.70468,3.81373,3.58362,3.67515,3.79997,0.1,-0.1,-0.170284,-21.5119,-1.43652,-2.831
3.60346,3.69576,3.79704,3.58428,3.67487,3.79745,0.1,-0.1,-0.193742,-14.7176,-11.381,-2.94328
3.73872,3.72315,3.72689,3.71923,3.71303,3.73836,0.1,0.0118141,0,-5.74929,-17.1242,-3.06942
3.8187,3.71571,3.64432,3.80234,3.71372,3.66079,0.1,0.1,0,0.527046,-17.9148,-3.16821
3.81912,3.70447,3.63687,3.81306,3.71824,3.65876,0.1,0.1,0,14.4017,-15.4788,-3.34673
3.84233,3.72267,3.66021,3.84444,3.74509,3.68254,0.1,0.1,0.141303,21.9254,-11.8678,-3.53657
3.8447,3.7253,3.66974,3.85261,3.75097,3.68947,0.1,0.1,0.177427,24.7048,-8.14482,-3.72291
3.83977,3.72498,3.67678,3.85137,3.7495,3.69162,0.1,0.1,0.179979,23.8519,-4.30695,-3.90187
3.85198,3.74309,3.705,3.86889,3.76895,3.71574,0.1,0.1,0.291202,25.9342,-0,-4.20094
3.75564,3.72508,3.76796,3.77277,3.74637,3.77082,0.1,0.0145666,0.180498,21.5609,3.87713,-9.71758
3.65475,3.72948,3.87535,3.66883,3.74202,3.87201,0.1,-0.1,0.179853,14.2892,5.21549,-10.6562
3.62295,3.70511,3.8564,3.63265,3.70895,3.84877,0.1,-0.1,0.0166432,7.36567,5.01424,-10.6347
3.57878,3.66726,3.81896,3.58188,3.65677,3.80659,0.1,-0.1,-0.237072,-4.17593,4.09425,-5.29364
3.5774,3.66749,3.81792,3.57208,3.64354,3.80028,0.1,-0.1,-0.270248,-16.1311,2.63685,-5.54077
3.59858,3.68613,3.8329,3.58482,3.65093,3.81226,0.1,-0.1,-0.188591,-26.3717,-0,-5.72309
3.6371,3.7166,3.86079,3.61973,3.68227,3.84446,0.1,-0.1,0,-25.5318,-3.99443,-5.93513
3.64128,3.71112,3.85311,3.62248,3.68211,3.8434,0.1,-0.1,0,-20.9192,-8.12128,-6.08779
3.68208,3.73629,3.87305,3.65772,3.71832,3.8798,0.1,-0.1,0.188824,-11.3754,-20.0736,-6.29999
3.86159,3.73307,3.69801,3.83762,3.72601,3.71514,0.1,0.1,0.216979,-2.42736,-25.5527,-6.49728
3.95899,3.75861,3.59684,3.9327,3.77152,3.63018,-0.0297888,0.1,0.18666,2.89593,-25.5041,-6.65009
3.92149,3.81761,3.55458,3.90347,3.83981,3.58881,-0.1,0.1,0.163885,10.726,-21.9768,-6.83345
3.91799,3.8151,3.55785,3.91028,3.84465,3.58897,-0.1,0.1,0.168264,17.0441,-15.6029,-6.94476
3.87735,3.78641,3.54196,3.88817,3.82214,3.56056,-0.1,0.1,0.013515,22.8774,0.257155,-6.94089
3.81587,3.7421,3.50988,3.84467,3.78203,3.51755,-0.1,0.1,-0.242168,28.3249,14.8686,-1.55331
3.74338,3.74056,3.56647,3.7853,3.77796,3.55925,-0.1,0.0433931,-0.286025,27.182,29.0314,0.309236
3.62091,3.75893,3.7113,3.66352,3.78591,3.69416,-0.1,-0.1,-0.231188,18.9408,34.2325,2.87012
3.47044,3.87816,3.76575,3.51268,3.87955,3.73023,-0.1,-0.1,-0.122548,8.57398,33.6027,4.73364
3.48681,3.91357,3.80167,3.52033,3.88991,3.7507,-0.1,-0.1,0,-13.4634,38.0233,6.56689
3.48621,3.92185,3.80536,3.50835,3.8838,3.75148,-0.1,-0.1,0,-25.6584,34.747,6.89867
3.52141,3.95638,3.82868,3.52919,3.91109,3.7813,-0.1,-0.1,0.165856,-32.03,25.0749,5.67134
3.53477,3.96628,3.8239,3.5285,3.91438,3.78341,-0.1,-0.1,0.191313,-38.7271,15.6411,4.33193
3.63933,3.76721,3.9016,3.62046,3.72119,3.87877,0.1,-0.1,0.171627,-34.381,1.02822,2.48193
3.63862,3.75529,3.87852,3.61469,3.72047,3.86886,0.1,-0.1,0.121537,-26.1987,-7.40847,-3.4105
3.62751,3.72542,3.83657,3.59827,3.71018,3.85215,0.1,-0.0998312,0,-9.3671,-23.1078,-3.19593
3.8024,3.71689,3.65506,3.77769,3.71828,3.683,0.1,0.1,0,4.60819,-26.8909,-3.08752
3.80727,3.70939,3.64785,3.79016,3.72168,3.67924,0.1,0.1,0,13.4161,-24.586,-3.03
3.97012,3.6085,3.61707,3.96154,3.64895,3.66223,0.1,0.1,0,26.6538,-17.6726,-2.99372
3.99413,3.6324,3.64701,3.99766,3.67846,3.68575,0.1,0.1,0.157378,31.5225,-8.57739,-2.99275
3.99249,3.63301,3.6578,4.00423,3.67709,3.68636,0.1,0.1,0.172244,29.7952,-0,-3.00512
3.98597,3.63312,3.67175,4.00543,3.67586,3.69122,0.1,0.1,0.182202,29.6311,7.78191,-2.9324
3.98073,3.63297,3.68642,4.0002,3.66785,3.69795,0.1,0.1,0.180234,23.7137,10.8365,-2.81602
3.7679,3.59771,3.833,3.78327,3.61783,3.83697,0.1,-0.1,-0.0419508,12.6138,11.7968,2.92297
3.71158,3.55031,3.79931,3.7246,3.55651,3.79393,0.1,-0.1,-0.331435,1.91463,15.2135,7.171
3.69749,3.5397,3.80134,3.70225,3.53326,3.79201,0.1,-0.1,-0.40343,-8.21844,12.6924,8.2269
3.70986,3.54976,3.81957,3.70349,3.52965,3.80767,0.1,-0.1,-0.354774,-19.8358,8.11061,8.36107
3.75168,3.58154,3.85311,3.72686,3.54938,3.84729,0.1,-0.1,-0.171881,-30.6477,-5.09057,7.85435
3.78773,3.60405,3.88093,3.75551,3.57291,3.88319,0.1,-0.1,0,-29.5495,-13.2356,7.22085
3.63042,3.6845,3.90223,3.60278,3.64567,3.89806,0.1,-0.1,0,-25.0189,-17.4201,6.88565
3.63591,3.67398,3.89756,3.60793,3.64182,3.90031,0.1,-0.1,0,-19.745,-21.5147,6.66641
3.64352,3.66163,3.88746,3.61424,3.64283,3.90452,0.1,-0.1,0,-8.54838,-30.6183,5.85751
3.74352,3.73589,3.69407,3.72066,3.73635,3.72082,0.00999043,0.0646442,0,7.22369,-33.038,0
3.72562,3.83744,3.60253,3.70851,3.8444,3.63028,-0.1,0.1,0,11.9268,-31.2075,0
3.75099,3.85839,3.62319,3.74593,3.87111,3.64488,-0.1,0.1,0.138923,16.4403,-22.1512,0
3.75184,3.86272,3.62674,3.75926,3.87927,3.63997,-0.1,0.1,0.164644,19.6144,-11.696,0
3.74674,3.86789,3.6308,3.76567,3.88645,3.63468,-0.1,0.1,0.177478,21.5004,-1.28589,0
3.72633,3.86497,3.6274,3.7626,3.88846,3.61903,-0.1,0.1,0.135494,26.5769,14.1001,0
3.69325,3.84959,3.60801,3.73518,3.8702,3.59125,-0.1,0.1,0,24.5428,21.3575,0
3.68473,3.86083,3.61424,3.73006,3.87418,3.58695,-0.1,0.1,0,18.4715,29.1028,0
3.54035,3.90083,3.81425,3.57497,3.90218,3.78193,-0.1,-0.1,0.151175,6.84299,26.6384,-6.81715
3.53641,3.91282,3.82001,3.56635,3.90528,3.78297,-0.1,-0.1,0.159305,-0.79528,27.8671,-7.93822
3.54035,3.92994,3.82491,3.5546,3.90533,3.78584,-0.1,-0.1,0.174855,-16.4761,21.9823,-9.23045
3.54568,3.93987,3.82232,3.54822,3.90692,3.78673,-0.1,-0.1,0.181319,-23.9685,15.4548,-9.13673
3.55005,3.94444,3.81416,3.5434,3.91118,3.78732,-0.1,-0.1,0.179467,-24.1716,7.26373,-9.32049
3.65136,3.74997,3.90088,3.64033,3.72195,3.88197,0.1,-0.1,0.172108,-20.2127,2.14659,-12.2207
3.62302,3.71533,3.85025,3.60277,3.69101,3.84409,0.1,-0.1,-0.0388487,-17.8354,-8.6341,-12.3892
3.58592,3.67103,3.79561,3.56576,3.65588,3.79837,0.1,-0.1,-0.281998,-10.5599,-12.5837,-12.4843
3.75081,3.66653,3.62665,3.73194,3.6581,3.63496,0.1,0.0891367,-0.287953,-5.41367,-14.5226,-12.0364
3.78481,3.68078,3.62977,3.77113,3.68078,3.64146,0.1,0.1,-0.173889,1.40007,-13.582,-11.4943
3.81599,3.70141,3.65307,3.81161,3.71527,3.66953,0.1,0.1,0,13.7666,-11.5268,-10.8614
3.83682,3.71851,3.6737,3.8375,3.73863,3.69139,0.1,0.1,0.130477,19.1294,-10.124,-10.5193
3.85042,3.73182,3.69386,3.8581,3.75543,3.71079,0.1,0.1,0.235498,23.0474,-6.66382,-5.39154
3.84421,3.72942,3.6989,3.85509,3.75143,3.71073,0.1,0.1,0.229468,21.6519,-2.87916,-5.61625
3.82415,3.71293,3.69076,3.83931,3.73728,3.70045,0.1,0.1,0.15001,24.4357,-0,-5.80713
3.79446,3.71516,3.72663,3.81009,3.73569,3.73188,0.1,0.0697337,0.155516,21.7747,2.12106,-5.92507
3.64886,3.71958,3.8807,3.66142,3.73171,3.88046,0.1,-0.1,0.159756,14.803,3.12333,-6.13019
3.64559,3.72236,3.88913,3.65383,3.72635,3.88495,0.1,-0.1,0.155461,8.18647,2.78094,-6.27346
3.61759,3.69846,3.86831,3.62119,3.69434,3.86058,0.1,-0.1,0,1.45374,2.22483,-6.39252
3.58856,3.67155,3.84112,3.58398,3.6529,3.8269,0.1,-0.1,-0.187182,-11.5315,1.47937,-6.58683
3.59295,3.67474,3.84029,3.57911,3.64083,3.81995,0.1,-0.1,-0.206051,-25.5598,-0,-6.76714
3.7679,3.5908,3.81876,3.74489,3.56797,3.81258,0.1,-0.1,-0.165192,-27.1812,-2.14754,-6.86981
3.80339,3.61463,3.83964,3.77761,3.59722,3.84154,0.1,-0.1,0,-22.361,-7.89546,-7.03715
3.80849,3.60687,3.8307,3.78284,3.59801,3.84091,0.1,-0.1,0,-15.1033,-12.3202,-7.10666
3.81569,3.5965,3.82053,3.78614,3.59865,3.84548,0.1,-0.1,0,-5.78397,-22.8729,-7.05183
3.88378,3.63046,3.71191,3.85605,3.63853,3.74081,0.0576266,0.000700984,0,-1.19899,-24.5209,-6.92956
3.89149,3.7789,3.55043,3.86999,3.79042,3.5803,-0.1,0.1,0,2.60416,-22.294,0.121993
3.88958,3.77301,3.55458,3.87841,3.78781,3.57901,-0.1,0.1,0,5.83786,-14.7063,3.43707
3.88391,3.76943,3.56023,3.88361,3.78818,3.57845,-0.1,0.1,0,9.78883,-6.65662,5.1752
3.87064,3.7677,3.57002,3.88719,3.79215,3.57777,-0.1,0.1,0,15.69,7.06406,6.72769
3.85912,3.7692,3.5796,3.88436,3.79489,3.58022,-0.1,0.1,0,17.432,14.6687,7.49214
3.76928,3.77385,3.66866,3.8043,3.79629,3.65707,-0.1,0.00959042,0,15.2422,26.0425,9.05107
3.66814,3.77998,3.7694,3.70135,3.79751,3.75518,-0.1,-0.1,0,11.5788,26.1926,9.8862
3.66231,3.78621,3.77795,3.68967,3.79575,3.76206,-0.1,-0.1,0,5.15266,24.1917,10.7137
3.63485,3.7735,3.76321,3.65616,3.76718,3.7391,-0.1,-0.1,-0.133342,-8.52229,26.125,13.3899
3.63377,3.7778,3.76453,3.64539,3.75916,3.73775,-0.1,-0.1,-0.15025,-19.3001,23.4697,13.1928
3.64298,3.78574,3.76834,3.64569,3.76102,3.74421,-0.1,-0.1,-0.123848,-24.4796,18.4503,12.6416
3.50896,3.90246,3.81292,3.50738,3.85712,3.77805,-0.1,-0.1,0,-31.721,12.8306,11.6668
3.51526,3.90063,3.80539,3.50614,3.8576,3.77994,-0.1,-0.1,0,-30.0054,4.68832,10.626
3.55012,3.89546,3.76541,3.53709,3.86239,3.75233,-0.1,-0.0651162,0,-21.7953,-3.29199,7.63888
3.77254,3.73842,3.68824,3.75528,3.71658,3.68954,0.0561763,0.1,0,-12.7,-12.7246,5.23772
3.79619,3.68936,3.69685,3.78496,3.68452,3.70647,0.1,0.1,0,1.07438,-13.3881,0
3.79847,3.68372,3.68564,3.79392,3.69219,3.70221,0.1,0.1,0,12.2823,-13.332,0
3.79591,3.67415,3.67729,3.80143,3.70191,3.70334,0.1,0.1,0,29.6279,-13.1921,0
3.95669,3.58029,3.65116,3.9608,3.6251,3.68992,0.1,0.1,0,32.7982,-10.9489,0
3.97833,3.60408,3.6784,3.98452,3.6458,3.71216,0.1,0.1,0.132653,29.8104,-7.56674,0
3.97379,3.60235,3.68534,3.98477,3.64159,3.71195,0.1,0.1,0.130372,28.1546,-1.65599,0
3.94601,3.58027,3.67445,3.95759,3.61145,3.6924,0.1,0.1,0,21.9314,2.63147,0
3.88222,3.58301,3.75048,3.89128,3.6013,3.758,0.1,0.0286299,0,11.3892,6.2115,0
3.76886,3.58541,3.87605,3.77724,3.59141,3.87185,0.1,-0.1,0,1.40669,11.7497,0
3.55815,3.69338,3.86705,3.56735,3.67845,3.84698,0.0556843,-0.1,-0.141848,-4.61123,10.1264,0
3.50466,3.7829,3.82042,3.50409,3.75752,3.79955,-0.0434014,-0.1,-0.183937,-13.4428,5.07862,0
3.52981,3.76312,3.83794,3.51291,3.72599,3.82155,-0.0181751,-0.1,-0.16357,-24.0779,-6.18667,0
3.62242,3.67357,3.91908,3.60136,3.63726,3.9077,0.1,-0.1,0,-23.3522,-10.7189,0
3.62684,3.67036,3.91024,3.60632,3.63849,3.90282,0.1,-0.1,0,-19.7873,-12.1376,0
3.63199,3.66451,3.89759,3.61408,3.64272,3.89775,0.1,-0.1,0,-11.3815,-14.6268,0
3.66096,3.6808,3.90723,3.64484,3.66767,3.91437,0.1,-0.1,0.123746,-4.57464,-17.5032,0
3.8378,3.69575,3.7208,3.81752,3.6904,3.74001,0.084187,0.1,0.151655,1.39833,-26.6566,0
3.79035,3.8023,3.65914,3.77109,3.79981,3.68028,-0.0272238,0.1,0.153906,3.13268,-27.4086,0
3.8955,3.75226,3.5639,3.8735,3.76854,3.59752,-0.1,0.1,0,6.71586,-25.8261,-5.61065
3.73165,3.83981,3.58737,3.72547,3.85087,3.60557,-0.1,0.1,0,13.4177,-19.829,-6.44095
3.72456,3.8399,3.58956,3.72959,3.85679,3.60264,-0.1,0.1,0,18.8297,-11.843,-6.12467
3.70968,3.8399,3.59465,3.73292,3.86561,3.60178,-0.1,0.1,0,28.5506,0.322101,0
3.69567,3.84472,3.6015,3.73279,3.87278,3.59706,-0.1,0.1,0,31.1428,13.4974,0
3.64674,3.85416,3.64601,3.69434,3.87674,3.62562,-0.1,0.0591213,0,26.6831,27.5466,0
3.53111,3.89087,3.81161,3.57393,3.9035,3.78264,-0.1,-0.1,0.142153,17.1324,29.6745,-6.09021
3.53359,3.90969,3.82189,3.56809,3.91041,3.78885,-0.1,-0.1,0.179794,6.7356,27.8892,-7.05944
3.53055,3.92403,3.82635,3.55423,3.90528,3.78243,-0.1,-0.1,0.171387,-11.3472,29.266,-11.1347
3.52773,3.93076,3.81754,3.53578,3.89199,3.76899,-0.1,-0.1,0.122957,-29.6312,24.9637,-11.6254
3.51098,3.91613,3.78953,3.51109,3.873,3.74429,-0.1,-0.1,0,-33.4574,20.601,-12.049
3.51953,3.92194,3.77991,3.5064,3.87586,3.74478,-0.1,-0.1,0,-36.4699,9.40537,-12.2666
3.78669,3.63661,3.83805,3.7593,3.61063,3.83146,0.1,-0.1,0,-30.5034,-2.15347,-11.7734
3.79438,3.63315,3.8204,3.76111,3.62077,3.8335,0.1,-0.1,0,-19.0143,-14.8987,-11.1741
3.63616,3.71794,3.83311,3.6122,3.70725,3.84475,0.1,-0.1,0,-6.75806,-18.6424,-10.5461
3.84648,3.61908,3.75445,3.82256,3.63377,3.78797,0.1,-0.0461668,0,4.2184,-20.1596,-5.57236
3.96926,3.60743,3.62758,3.95843,3.6384,3.66396,0.1,0.1,0,18.4528,-15.0452,-5.63748
3.99749,3.62998,3.65574,3.9949,3.66372,3.6864,0.1,0.1,0.153124,20.2702,-8.26885,-5.63003
3.99809,3.62693,3.6597,3.9998,3.6601,3.6853,0.1,0.1,0.153977,19.5982,-4.24901,-5.58779
3.96714,3.5979,3.64426,3.9741,3.62601,3.65937,0.1,0.1,0,15.3842,2.96545,-5.37656
3.88943,3.5638,3.66157,3.89831,3.58496,3.67138,0.1,0.0537653,-0.19204,11.0098,5.74525,1.38593
3.70868,3.61739,3.75679,3.71577,3.6313,3.76242,0.031331,-0.1,-0.269285,5.7181,6.17032,4.04253
3.64563,3.74982,3.71131,3.64779,3.7559,3.71506,-0.1,-0.1,-0.240844,-0,3.80223,6.30785
3.64953,3.75553,3.7289,3.64876,3.75695,3.73114,-0.1,-0.1,-0.19665,-3.24824,2.70967,7.00274
3.68233,3.79009,3.77062,3.67921,3.78476,3.76877,-0.1,-0.1,0,-8.69104,3.53325,7.6934
3.67918,3.79007,3.77462,3.67724,3.78073,3.76803,-0.1,-0.1,0,-11.6809,6.72868,8.60332
3.67724,3.7902,3.77499,3.67729,3.77927,3.76643,-0.1,-0.1,0,-12.32,8.84356,11.4199
3.73153,3.68097,3.8279,3.73253,3.67133,3.81966,0.0117723,-0.1,0,-11.0429,9.15829,11.3419
3.77606,3.59462,3.86744,3.77709,3.58743,3.86141,0.1,-0.1,0,-9.00236,8.02643,10.796
3.77947,3.5939,3.86357,3.77806,3.58847,3.8614,0.1,-0.1,0,-7.77354,4.68868,10.0634
3.75887,3.56737,3.834,3.75014,3.55639,3.83337,0.1,-0.1,-0.155666,-13.558,-0,9.43256
3.76154,3.55831,3.82376,3.7457,3.54581,3.82871,0.1,-0.1,-0.191469,-15.4861,-6.75025,9.18851
3.80944,3.55574,3.78465,3.79075,3.54371,3.79284,0.1,-0.0537117,-0.179511,-15.4293,-9.91442,8.8724
3.9772,3.58018,3.68353,3.95726,3.57197,3.69676,0.1,0.1,0,-12.2382,-13.3627,8.64169
3.98237,3.57097,3.68104,3.9638,3.56761,3.69776,0.1,0.1,0,-8.19824,-14.7422,8.4284
3.90749,3.7121,3.60254,3.8931,3.71962,3.626,-0.0563416,0.1,0,1.68721,-16.5769,8.33301
3.8826,3.74185,3.58183,3.876,3.76414,3.61372,-0.1,0.1,0,15.8035,-17.5698,10.7475
3.87905,3.73406,3.58537,3.87525,3.76418,3.62278,-0.1,0.1,0,23.0884,-19.874,11.4321
3.87048,3.73206,3.59404,3.87429,3.76449,3.62646,-0.1,0.1,0,25.398,-13.7443,11.8134
3.83332,3.70786,3.58078,3.84935,3.74363,3.60412,-0.1,0.1,-0.135605,29.0544,-2.93269,11.2685
3.78737,3.68158,3.56585,3.81721,3.71291,3.57073,-0.1,0.1,-0.309797,25.7662,13.953,10.6982
3.66154,3.68663,3.69009,3.69445,3.71197,3.68578,-0.1,-0.0359578,-0.315683,21.2595,19.9599,10.1915
3.62284,3.71846,3.77933,3.65176,3.73178,3.76396,-0.1,-0.1,-0.184411,10.447,23.5018,4.58986
3.64487,3.75467,3.81185,3.66343,3.7507,3.78981,-0.1,-0.1,-0.0414081,-4.62875,21.654,4.80928
3.66597,3.78912,3.8422,3.67609,3.76411,3.80775,-0.1,-0.1,0.0872941,-23.2721,24.71,4.9343
3.70255,3.82688,3.87442,3.70506,3.79435,3.84016,-0.1,-0.1,0.278154,-29.5954,21.4648,5.01782
3.70419,3.82438,3.86258,3.69625,3.78997,3.83697,-0.1,-0.1,0.252192,-31.0547,12.1643,5.12823
3.6918,3.80404,3.83082,3.67133,3.76775,3.81594,-0.1,-0.1,0.124672,-33.3611,0.701746,5.24148
3.68086,3.78015,3.79676,3.65139,3.75014,3.79721,-0.1,-0.1,0,-28.5637,-11.503,5.34773
3.65672,3.74454,3.75588,3.62915,3.72861,3.76861,-0.1,-0.1,-0.170736,-16.5969,-16.3994,5.51589
3.72176,3.7313,3.66911,3.70106,3.72797,3.68763,-0.1,-0.0168923,-0.219184,-6.25623,-15.4342,5.62534
3.82305,3.72828,3.56628,3.81369,3.7382,3.58679,-0.1,0.1,-0.20607,4.88839,-10.4654,5.72994
3.85707,3.75983,3.59838,3.86184,3.78156,3.61661,-0.1,0.1,0,14.9835,-2.00611,5.80609
3.82728,3.72877,3.56744,3.84172,3.76015,3.58566,-0.1,0.1,-0.151763,23.4794,2.52658,5.82993
3.8215,3.72825,3.56806,3.84206,3.76111,3.58166,-0.1,0.1,-0.156866,24.6857,7.62857,5.85258
3.81441,3.73086,3.57245,3.83771,3.75869,3.57831,-0.1,0.1,-0.164706,20.2446,12.8011,5.87821
3.76921,3.73597,3.61821,3.79677,3.75557,3.6116,-0.1,0.0569049,-0.166937,13.24,21.7047,5.89654
3.62947,3.74131,3.75917,3.65581,3.75372,3.74661,-0.1,-0.1,-0.164537,7.71059,24.2739,5.90481
3.67725,3.64636,3.81997,3.69832,3.64934,3.80328,0.00521973,-0.1,-0.152768,-0,23.9569,5.90458
3.78017,3.61802,3.92833,3.79169,3.60969,3.90988,0.1,-0.1,0.173606,-9.77944,20.2916,5.8867
3.79314,3.63164,3.93864,3.79368,3.61423,3.92209,0.1,-0.1,0.229396,-17.6876,13.9915,5.86033
3.63397,3.71818,3.95876,3.63128,3.68341,3.93407,0.1,-0.1,0.210583,-21.3937,7.1809,5.84558
3.6097,3.6775,3.91478,3.59149,3.64111,3.904,0.1,-0.1,0,-22.9055,-8.09269,5.83477
3.62668,3.67446,3.90551,3.59053,3.63626,3.91089,0.1,-0.1,0,-25.1817,-26.1071,5.81168
3.71888,3.66743,3.81493,3.67955,3.63701,3.83134,0.1,-0.0045481,0,-18.8328,-33.3128,5.67794
3.81561,3.65902,3.71774,3.78084,3.63821,3.73933,0.1,0.1,0,-11.0226,-33.4672,5.5214
3.82257,3.64597,3.70468,3.79309,3.64613,3.73841,0.1,0.1,0,6.42538,-37.7379,-1.10725
3.82427,3.63529,3.69605,3.80588,3.6533,3.73522,0.1,0.1,0,21.5629,-35.7062,-3.9163
3.82294,3.62877,3.69323,3.81523,3.6571,3.73141,0.1,0.1,0,29.9893,-30.6669,-5.46247
3.84137,3.64946,3.7215,3.84922,3.6885,3.75409,0.1,0.1,0.147704,39.5219,-20.6175,-7.08471
3.74453,3.85141,3.63639,3.76178,3.89013,3.65852,-0.1,0.1,0.185475,39.1534,-11.1521,-8.53595
3.7367,3.85375,3.64372,3.75947,3.88605,3.65205,-0.1,0.1,0.175809,33.3853,-1.93226,-11.9161
3.69845,3.832,3.62513,3.72662,3.85033,3.61374,-0.1,0.1,0,21.3391,11.0368,-12.5044
3.6909,3.84331,3.63444,3.72132,3.85024,3.60936,-0.1,0.1,0,12.2053,19.3653,-12.4632
3.51516,3.85675,3.8122,3.54566,3.8495,3.77307,-0.1,-0.1,0,0.245594,27.2341,-11.925
3.51053,3.86761,3.81426,3.53425,3.85247,3.77399,-0.1,-0.1,0,-6.00105,24.8041,-11.7283
3.51008,3.87858,3.81291,3.52172,3.85405,3.77546,-0.1,-0.1,0,-14.2383,17.6399,-11.2803
3.54009,3.91474,3.83179,3.53598,3.87797,3.79787,-0.1,-0.1,0.138098,-25.8014,8.6627,-10.9056
3.55251,3.92821,3.82835,3.53876,3.89111,3.80374,-0.1,-0.1,0.181001,-26.4283,-0,-10.5995
3.55402,3.9286,3.81677,3.53876,3.89608,3.79845,-0.1,-0.1,0.172385,-22.7073,-2.91397,-10.0401
3.52867,3.90046,3.77427,3.51161,3.87345,3.76201,-0.1,-0.1,0,-19.2104,-5.97571,-11.9486
3.54575,3.86647,3.77909,3.53474,3.85261,3.7741,-0.067554,-0.1,0,-7.88353,-5.97149,-11.4787
3.66497,3.73728,3.78197,3.65886,3.73166,3.7803,0.0657748,-0.0389746,0,-1.58612,-4.69454,-11.237
3.79837,3.70073,3.66978,3.80417,3.71067,3.67169,0.1,0.1,0,11.7423,-0,-11.0807
3.80097,3.70238,3.66129,3.81068,3.71618,3.66303,0.1,0.1,0,14.2681,2.10022,-11.0202
3.80385,3.70306,3.65613,3.81329,3.71786,3.65901,0.1,0.1,0,14.6124,1.15149,-11.0012
3.80514,3.70323,3.65498,3.81309,3.71678,3.65826,0.1,0.1,0,13.3208,-0,-10.4542
3.85379,3.75441,3.7063,3.85973,3.76401,3.71043,0.1,0.1,0.28096,10.6801,-1.58824,-5.31636
3.85805,3.76029,3.71639,3.86212,3.76778,3.72006,0.1,0.1,0.316329,9.03123,-2.3492,-5.46314
3.80059,3.73818,3.73204,3.80253,3.74362,3.73557,0.1,0.061833,0.192423,7.59708,-3.43286,-5.64985
3.6595,3.73537,3.87374,3.66288,3.74534,3.88019,0.1,-0.1,0.193167,12.4733,-4.25669,-5.80885
3.62627,3.70499,3.84996,3.62929,3.71483,3.85654,0.1,-0.1,0.0239948,12.7747,-4.57046,-5.91733
3.58239,3.72062,3.8151,3.58426,3.72556,3.81783,0.0618997,-0.1,-0.10908,8.55286,-3.17373,-6.06842
3.54107,3.711,3.77704,3.54134,3.70836,3.77371,0.041184,-0.1,-0.294733,1.83551,-0.837455,-6.16819
3.5444,3.73702,3.7807,3.54242,3.72392,3.76906,0.0261969,-0.1,-0.253096,-7.65527,2.37945,-6.29455
3.60665,3.76155,3.83907,3.60095,3.73635,3.81897,0.0518886,-0.1,0,-18.8061,4.85902,-6.4119
3.63301,3.71367,3.85794,3.62695,3.68745,3.83711,0.1,-0.1,0,-19.5942,4.99849,-6.50085
3.79854,3.62058,3.82486,3.78568,3.61,3.82043,0.1,-0.1,0,-17.2382,2.70777,-6.55748
3.89769,3.63992,3.76857,3.88283,3.63509,3.77184,0.1,-0.0162078,0.132288,-12.3234,-2.52073,-6.61522
3.9784,3.61096,3.63885,3.96179,3.612,3.64965,0.1,0.1,0,-7.65053,-7.49825,-6.62334
3.73673,3.86186,3.5766,3.72625,3.857,3.58125,-0.0720395,0.1,0,-1.68703,-11.2926,-6.47731
3.88747,3.79197,3.53553,3.86929,3.8058,3.5641,-0.1,0.1,0,4.35955,-18.5956,0.129242
3.88144,3.78457,3.53957,3.87084,3.80808,3.57119,-0.1,0.1,0,13.5495,-16.5884,2.14959
3.87203,3.78196,3.54492,3.87106,3.81199,3.57404,-0.1,0.1,0,19.751,-10.451,3.47163
3.85649,3.78214,3.55694,3.87093,3.81558,3.57495,-0.1,0.1,0,23.4601,3.24611,5.31279
3.67113,3.76409,3.69778,3.69852,3.79602,3.70203,-0.1,-0.0756809,-0.121097,22.8353,16.9569,6.68464
3.63278,3.76332,3.72594,3.66908,3.79527,3.72235,-0.1,-0.1,-0.142137,24.1446,25.2968,8.6343
3.62558,3.77335,3.73937,3.65916,3.79201,3.72608,-0.1,-0.1,-0.13702,13.0756,28.629,10.2727
3.64371,3.8074,3.77484,3.67697,3.81065,3.74713,-0.1,-0.1,0,-0.0830996,36.4599,11.4121
3.64569,3.82186,3.78304,3.66679,3.79864,3.74291,-0.1,-0.1,0,-23.2838,37.1591,14.6886
3.65031,3.82793,3.78309,3.66002,3.79324,3.74283,-0.1,-0.1,0,-33.0068,32.0201,14.4422
3.68327,3.78168,3.80538,3.67986,3.73821,3.76922,-0.0480269,-0.1,0,-40.9039,23.8885,13.7897
3.76501,3.63642,3.86795,3.7477,3.59489,3.84681,0.1,-0.1,0,-39.5682,9.41922,12.0288
3.77269,3.63109,3.85834,3.74733,3.59776,3.85315,0.1,-0.1,0,-32.7719,-2.38546,11.1467
3.78234,3.61952,3.84392,3.74945,3.60389,3.86318,0.1,-0.1,0,-17.7407,-18.9391,9.43817
3.79224,3.60706,3.83316,3.75504,3.60584,3.87097,0.1,-0.1,0,-5.94344,-31.0054,8.76735
3.87091,3.59616,3.75447,3.83916,3.60692,3.79869,0.1,-0.0120219,0,3.90913,-31.6268,8.27151
3.94321,3.55997,3.63585,3.92472,3.58277,3.67853,0.1,0.1,-0.134706,14.0329,-24.2224,7.48359
3.93971,3.54623,3.63423,3.9349,3.579,3.67294,0.1,0.1,-0.153775,22.8539,-15.9485,6.84944
3.93803,3.54085,3.64144,3.94484,3.57438,3.67032,0.1,0.1,-0.152246,23.8844,-5.90054,8.47876
3.96128,3.56436,3.67853,3.97433,3.59471,3.69779,0.1,0.1,0,21.4108,1.02037,8.00587
3.95764,3.56268,3.69083,3.97091,3.58625,3.70033,0.1,0.1,0,15.2038,5.01599,3.04073
3.88517,3.69639,3.63211,3.89795,3.71634,3.63868,-0.0399857,0.1,0,13.1495,5.38099,3.26909
3.73597,3.75487,3.73151,3.74187,3.76589,3.7362,-0.1,-0.0400048,0,6.10238,2.06488,3.48903
3.68153,3.75408,3.79227,3.68312,3.75984,3.79612,-0.1,-0.1,0,2.46521,-0,3.6554
3.45561,3.78649,3.76737,3.46061,3.7724,3.75407,-0.1,-0.1,-0.338119,-3.0219,0.958807,3.91699
3.60773,3.69437,3.74128,3.60339,3.68375,3.73487,-0.1,-0.1,-0.379946,-11.2917,2.61318,4.07428
3.61297,3.70384,3.74811,3.60853,3.68985,3.73854,-0.1,-0.1,-0.344637,-14.0736,4.50349,4.28699
3.63707,3.72948,3.76621,3.63269,3.71549,3.75673,-0.1,-0.1,-0.210485,-14.0343,4.80367,4.43615
3.67849,3.76916,3.79805,3.67429,3.75704,3.79035,-0.1,-0.1,0.0151083,-12.6073,4.23153,4.54836
3.71097,3.79897,3.82159,3.70704,3.78994,3.81679,-0.1,-0.1,0.190313,-10.1269,3.02812,4.69372
3.74829,3.83373,3.8488,3.74497,3.82813,3.84691,-0.1,-0.1,0.389026,-7.47544,2.02895,4.85413
3.69162,3.9054,3.72852,3.69556,3.88966,3.7153,-0.1,0.043203,0.284604,-5.44343,2.0449,5.02273
3.71854,3.88363,3.65115,3.72083,3.86371,3.63545,-0.1,0.1,0.136689,-10.0788,2.68657,5.13352
3.69767,3.86092,3.62198,3.70233,3.84581,3.60884,-0.1,0.1,0,-6.04764,2.78684,5.27754
3.69899,3.78346,3.61627,3.70546,3.77526,3.60836,-0.0458045,0.1,-0.148483,-0.100491,1.22902,5.29356
3.76461,3.64094,3.67811,3.77651,3.64838,3.68058,0.0971785,0.1,-0.151875,14.1511,-1.10562,5.22412
3.78917,3.66619,3.70145,3.80252,3.68156,3.71052,0.1,0.1,0,20.9931,-3.4767,5.01536
3.78791,3.66708,3.69992,3.79812,3.68518,3.71063,0.1,0.1,0,21.8068,-5.77181,-2.78658
3.78654,3.66892,3.70053,3.79353,3.68449,3.71101,0.1,0.1,0,18.9768,-7.09063,-4.80578
3.7844,3.66899,3.70255,3.78968,3.68355,3.71264,0.1,0.1,0,17.9965,-7.53104,-7.12381
3.79808,3.72008,3.72224,3.80105,3.72995,3.72925,0.0767682,0.1,0.151831,13.9114,-6.95091,-8.59865
3.68915,3.79568,3.76942,3.69066,3.80212,3.77419,0.00355646,0.0114124,0.17345,11.3,-6.45203,-9.22487
3.54102,3.89574,3.81633,3.54065,3.89842,3.81769,-0.1,-0.1,0.163994,7.98243,-5.62896,-11.9391
3.50945,3.86874,3.79206,3.50963,3.86757,3.78914,-0.1,-0.1,0,4.89044,-3.00793,-11.6959
3.50737,3.87331,3.79609,3.50984,3.86667,3.78571,-0.1,-0.1,0,0.229091,2.29893,-11.0234
3.5313,3.83263,3.81873,3.53585,3.82099,3.80161,-0.0517807,-0.1,0,-4.11422,7.06649,-10.221
3.60758,3.69517,3.89064,3.61137,3.67271,3.86382,0.0993622,-0.1,0,-14.2213,11.9745,-9.37854
3.61119,3.70018,3.88391,3.6147,3.67524,3.85529,0.1,-0.1,0,-16.5459,12.9227,-8.44072
3.61802,3.70311,3.87303,3.6173,3.67844,3.84913,0.1,-0.1,0,-16.6006,8.32568,-7.79143
3.62776,3.70232,3.86088,3.61925,3.67995,3.84721,0.1,-0.1,0,-15.0406,-1.09118,-7.36997
3.75791,3.7258,3.7813,3.74328,3.70724,3.77779,0.1,0.0112814,0.148332,-12.2833,-9.39553,-6.80396
3.84808,3.72829,3.70291,3.83077,3.7146,3.70728,0.1,0.1,0.18638,-8.59107,-14.598,-6.07836
3.85225,3.72095,3.69265,3.83549,3.71306,3.70249,0.1,0.1,0.172968,-4.03857,-16.9367,-5.56781
3.82618,3.68328,3.653,3.80878,3.68663,3.67635,0.1,0.1,0,6.25877,-24.7887,-2.60338
3.82502,3.67754,3.65143,3.81205,3.69104,3.68032,0.1,0.1,0,15.0675,-25.7679,-2.86669
3.7505,3.81233,3.58482,3.7451,3.83366,3.61376,-0.0426463,0.1,0,21.9445,-22.2518,-3.19719
3.71594,3.86624,3.56388,3.71704,3.8911,3.58669,-0.1,0.1,0,24.1761,-16.2447,-8.77954
3.73212,3.89173,3.59966,3.74672,3.92308,3.61521,-0.1,0.1,0.158021,30.6875,-5.84229,-9.32568
3.74542,3.92299,3.63829,3.77371,3.95326,3.63909,-0.1,0.1,0.31362,30.4897,8.78968,-9.3478
3.69526,3.93169,3.68741,3.73774,3.95488,3.6697,-0.1,0.0574057,0.317967,25.658,26.0963,-4.42907
3.53265,3.92271,3.80776,3.57537,3.93716,3.78092,-0.1,-0.1,0.202484,18.6481,30.75,-4.60707
3.50672,3.91491,3.7927,3.54099,3.91317,3.7579,-0.1,-0.1,0.0744389,4.50639,30.6971,-4.85897
3.48292,3.90814,3.77989,3.51322,3.89265,3.73518,-0.1,-0.1,-0.0392593,-7.45886,34.7666,-5.0392
3.47755,3.82941,3.77085,3.49172,3.79178,3.71996,-0.041757,-0.1,-0.262015,-27.6089,30.7736,-5.33834
3.5602,3.70627,3.84051,3.56247,3.66297,3.79566,0.1,-0.1,-0.220592,-32.5511,22.6174,-5.64702
3.60729,3.75003,3.86995,3.59738,3.70327,3.83369,0.1,-0.1,0,-36.081,12.8316,-5.88424
3.61784,3.74726,3.85299,3.59438,3.70675,3.83637,0.1,-0.1,0,-31.1464,-3.69768,-6.16439
3.65196,3.7651,3.86356,3.62106,3.73238,3.86208,0.1,-0.1,0.138092,-25.2894,-14.6955,-6.31414
3.67115,3.76395,3.85642,3.63396,3.74759,3.87747,0.1,-0.1,0.192925,-11.3386,-29.7738,-6.51591
3.75487,3.78245,3.82347,3.7246,3.78312,3.85451,0.1,-0.0399743,0.357467,3.00441,-31.1675,-6.68399
3.87526,3.77071,3.69831,3.85471,3.78297,3.73112,0.1,0.1,0.347086,12.3582,-27.0762,-6.81929
3.84926,3.73487,3.66568,3.84095,3.75975,3.69874,0.1,0.1,0.188937,23.1418,-21.6878,-7.01964
3.84943,3.7332,3.66792,3.85073,3.76097,3.69415,0.1,0.1,0.188702,25.4013,-14.0838,-7.15159
3.80778,3.69363,3.63814,3.82374,3.72753,3.6557,0.1,0.1,-0.0158208,31.314,-2.71659,-7.33025
3.75845,3.65349,3.60876,3.78647,3.68462,3.61138,0.1,0.1,-0.251456,29.3523,10.6156,-7.46936
3.68816,3.6542,3.67868,3.71772,3.67935,3.67369,0.1,0.0255407,-0.266721,24.714,14.5445,-7.55958
3.59534,3.67725,3.81263,3.61985,3.69009,3.80027,0.1,-0.1,-0.169428,14.5013,15.1525,-7.65793
3.62433,3.71363,3.85079,3.63712,3.7103,3.83386,0.1,-0.1,0,0.545795,11.1818,-7.75874
3.62373,3.71721,3.85575,3.62653,3.70147,3.83632,0.1,-0.1,0,-9.81872,7.54895,-7.82698
3.6651,3.75879,3.89299,3.65133,3.72328,3.87022,0.1,-0.1,0.195608,-27.747,0.961408,-7.94813
3.67543,3.76271,3.89537,3.65422,3.72445,3.87719,0.1,-0.1,0.226093,-29.8852,-4.93425,-8.0204
3.67633,3.75435,3.88619,3.65265,3.72004,3.87435,0.1,-0.1,0.20455,-26.2666,-9.11871,-8.04961
3.67605,3.73975,3.87179,3.65233,3.71862,3.87312,0.1,-0.1,0.173004,-14.4565,-15.9525,-8.05177
3.68506,3.73341,3.86186,3.65917,3.7253,3.87833,0.1,-0.1,0.180409,-3.42028,-25.4174,-8.00915
3.85907,3.72743,3.68632,3.83587,3.72809,3.70883,0.1,0.1,0.178759,3.53956,-27.4035,-7.95051
3.8605,3.7218,3.68084,3.84369,3.72877,3.70326,0.1,0.1,0.16826,8.37393,-24.3212,-7.84688
3.82638,3.6835,3.64397,3.81711,3.69534,3.66371,0.1,0.1,-0.0323847,12.2119,-19.5623,-7.74331
3.78098,3.63965,3.60616,3.78269,3.65776,3.62123,0.1,0.1,-0.263878,17.8418,-12.0675,-7.56785
3.77226,3.63734,3.60983,3.78224,3.65649,3.62057,0.1,0.1,-0.276403,19.7874,-6.33425,-2.31349
3.78156,3.65357,3.63466,3.80123,3.67772,3.64121,0.1,0.1,-0.170441,25.105,0.363781,-1.35087
3.71665,3.85885,3.58418,3.73933,3.88065,3.58553,-0.0792332,0.1,0,23.5417,4.24257,-0.989448
3.72365,3.90731,3.61044,3.74945,3.92249,3.60175,-0.1,0.1,0.149152,18.0547,11.2031,-1.55701
3.56281,3.92501,3.80075,3.58498,3.93167,3.78447,-0.1,-0.1,0.225662,10.0405,13.4309,-6.37241
3.55384,3.92813,3.80436,3.57392,3.92897,3.78451,-0.1,-0.1,0.21447,5.55995,14.5611,-6.22772
3.53323,3.92279,3.79439,3.54808,3.91367,3.76997,-0.1,-0.1,0.128593,-2.86173,14.88,-6.0495
3.51183,3.91253,3.77499,3.51817,3.88715,3.74295,-0.1,-0.1,0,-17.7737,15.1496,-5.87046
3.70647,3.76587,3.77959,3.70268,3.74852,3.75983,-0.0344647,-0.1,0,-22.0271,14.1281,-5.69277
3.77427,3.63967,3.83948,3.76783,3.62202,3.82213,0.1,-0.1,0,-22.2594,12.3104,-5.54785
3.77722,3.64037,3.8293,3.76974,3.62826,3.82172,0.1,-0.1,0,-16.4543,7.32713,0.121263
3.78426,3.64092,3.82259,3.76974,3.62803,3.82258,0.1,-0.1,0,-17.6415,-0,2.69749
3.78947,3.63677,3.8188,3.77241,3.62687,3.82521,0.1,-0.1,0,-15.2904,-4.50492,4.56947
3.76664,3.60159,3.78751,3.74848,3.59646,3.80079,0.1,-0.1,-0.159413,-11.23,-8.67733,6.61353
3.8374,3.5888,3.70936,3.82099,3.58826,3.72594,0.1,-0.0145567,-0.189872,-7.41157,-9.63858,7.60035
3.93575,3.5796,3.61201,3.92322,3.58408,3.63017,0.1,0.1,-0.1962,-3.04045,-8.75235,8.48129
3.94795,3.58218,3.62482,3.94145,3.5917,3.64356,0.1,0.1,-0.131895,1.87906,-6.41354,11.2865
3.96912,3.59346,3.65047,3.96937,3.61322,3.67257,0.1,0.1,0,11.4627,-5.43341,10.9779
3.90676,3.70353,3.5963,3.91055,3.72806,3.61935,-0.0207498,0.1,0,15.9485,-4.76817,10.3977
3.86325,3.77431,3.56677,3.86859,3.79978,3.589,-0.1,0.1,0,17.0884,-4.26972,9.88547
3.85706,3.77126,3.57848,3.86413,3.79402,3.59608,-0.1,0.1,0,15.0661,-1.46306,9.34972
3.80206,3.77227,3.63716,3.81363,3.7906,3.64565,-0.1,0.045315,0,11.606,5.46264,8.82206
3.66959,3.77402,3.77259,3.68472,3.78825,3.7734,-0.1,-0.1,0,8.78629,11.129,8.58338
3.64023,3.75607,3.76155,3.65634,3.76513,3.75625,-0.1,-0.1,-0.120739,4.87097,14.6836,8.48122
3.63052,3.75638,3.76495,3.64543,3.76024,3.75571,-0.1,-0.1,-0.143201,0.877963,16.0376,8.41749
3.62606,3.76339,3.77362,3.6424,3.75582,3.75152,-0.1,-0.1,-0.144377,-9.28801,24.0174,8.26822
3.65328,3.79337,3.80117,3.66529,3.77768,3.7753,-0.1,-0.1,0,-16.3198,24.1298,8.16398
3.68606,3.73603,3.82816,3.69342,3.71629,3.80428,-0.0389207,-0.1,0,-19.3003,21.0765,10.4505
3.59775,3.69114,3.91525,3.60393,3.65772,3.88488,0.1,-0.1,0,-19.9567,14.3184,10.3589
3.60695,3.69309,3.90925,3.60209,3.65453,3.88467,0.1,-0.1,0,-25.2892,5.95299,10.0403
3.61847,3.69009,3.89862,3.60207,3.65401,3.88741,0.1,-0.1,0,-23.9027,-6.8276,8.63642
3.63042,3.68489,3.88772,3.60682,3.6538,3.88609,0.1,-0.1,0,-21.1952,-15.1,3.60966
3.81215,3.67617,3.70328,3.78188,3.65559,3.71922,0.1,0.1,0,-12.463,-27.7856,3.73229
3.8199,3.66646,3.6917,3.79371,3.6585,3.71647,0.1,0.1,0,-1.78683,-30.1171,3.71084
3.82501,3.65725,3.6825,3.80605,3.66163,3.71261,0.1,0.1,0,8.62527,-29.2872,3.62098
3.82547,3.64545,3.67344,3.8143,3.6692,3.71526,0.1,0.1,0,26.0255,-32.2945,3.3877
3.84906,3.66625,3.70117,3.84686,3.69902,3.73954,0.1,0.1,0.150763,32.8298,-26.5116,-3.16025
3.84993,3.67018,3.71481,3.86054,3.71108,3.74579,0.1,0.1,0.199835,39.6532,-16.6667,-8.30572
3.84142,3.66982,3.72096,3.8594,3.70794,3.74135,0.1,0.1,0.189658,37.5013,-8.19273,-9.45325
3.73005,3.86178,3.62776,3.7532,3.89303,3.63593,-0.1,0.1,0.151307,32.2233,0.168323,-9.99278
3.69852,3.84379,3.61357,3.72275,3.86011,3.6056,-0.1,0.1,0,19.4816,8.85118,-10.2478
3.69232,3.8536,3.62706,3.71832,3.85505,3.60221,-0.1,0.1,0,7.00395,18.7488,-10.6059
3.51861,3.86485,3.80442,3.54091,3.85287,3.76983,-0.1,-0.1,0,-4.21384,22.1183,-10.5109
3.67605,3.78225,3.78209,3.68724,3.77715,3.75955,-0.1,-0.1,0,-8.84533,20.2421,-10.2986
3.67453,3.79089,3.78159,3.67571,3.77918,3.76233,-0.1,-0.1,0,-14.5395,13.699,-10.2963
3.67773,3.79931,3.77804,3.66745,3.77885,3.76248,-0.1,-0.1,0,-22.4476,6.51468,-8.27314
3.67866,3.80255,3.7733,3.66467,3.78274,3.76278,-0.1,-0.1,0,-21.7843,2.90414,-6.60392
3.67945,3.80215,3.76695,3.66624,3.78724,3.76398,-0.1,-0.1,0,-16.5147,-0,0
3.67986,3.80099,3.76213,3.66929,3.79271,3.76284,-0.1,-0.1,0,-11.128,-0,0
3.68201,3.8011,3.75858,3.67189,3.79587,3.76014,-0.1,-0.1,0,-9.71854,-0,-2.5668
3.69582,3.77383,3.76823,3.69086,3.77359,3.76934,-0.0730767,-0.1,0,-5.99575,3.06134,-2.63065
3.7384,3.6907,3.80745,3.73701,3.69275,3.80709,0.012568,-0.1,0,-4.56364,5.64419,-2.65867
3.62062,3.66831,3.81727,3.62899,3.65942,3.80202,0.1,-0.0668067,-0.156635,-3.23706,8.48372,-2.64496
3.74833,3.66003,3.67287,3.75688,3.65035,3.65652,0.1,0.0915704,-0.20663,-4.34391,8.93546,-2.56412
3.77014,3.66895,3.67079,3.77441,3.65686,3.6576,0.1,0.1,-0.156313,-6.44774,4.74507,0
3.80416,3.69291,3.69255,3.80356,3.68203,3.68539,0.1,0.1,0,-5.58099,-1.03062,0
3.80655,3.68605,3.68628,3.80155,3.68245,3.6908,0.1,0.1,0,1.04729,-9.47381,0
3.96761,3.58612,3.65676,3.95791,3.60668,3.68422,0.1,0.1,0,11.3203,-13.7916,0
3.99389,3.60742,3.68364,3.98445,3.63542,3.71838,0.1,0.1,0.158182,18.058,-17.4113,0
3.98726,3.59985,3.68462,3.98009,3.63067,3.71999,0.1,0.1,0.141195,20.6219,-16.5714,0
3.95758,3.57151,3.66912,3.95277,3.60108,3.70086,0.1,0.1,0,19.7828,-13.8029,0
3.90621,3.65408,3.63787,3.909,3.68571,3.66401,0.0106186,0.1,0,22.5811,-7.3492,0
3.7625,3.76073,3.68201,3.76893,3.78765,3.69969,-0.1,0.00117374,0,19.1678,-1.65461,0
3.64398,3.73548,3.75679,3.65384,3.75424,3.76606,-0.1,-0.1,-0.145575,13.7989,3.8763,5.82707
3.63181,3.73308,3.76364,3.64321,3.74337,3.76353,-0.1,-0.1,-0.177628,7.15918,9.20292,7.09416
3.46999,3.83444,3.80429,3.48635,3.81792,3.77883,-0.1,-0.1,-0.155474,-4.63434,14.9188,8.07109
3.49667,3.86802,3.83652,3.51001,3.84122,3.80393,-0.1,-0.1,0,-13.3927,16.9784,8.36974
3.50026,3.87559,3.83631,3.50525,3.83665,3.79917,-0.1,-0.1,0,-24.5382,15.0307,6.98355
3.50552,3.87772,3.8282,3.50336,3.83939,3.795,-0.1,-0.1,0,-25.0934,9.50156,0
3.51916,3.86477,3.82162,3.51369,3.83045,3.796,-0.0857402,-0.1,0,-21.8771,4.48786,0
3.63991,3.70832,3.92002,3.62888,3.67482,3.90103,0.1,-0.1,0.122101,-22.2782,-1.17947,0
3.6542,3.7143,3.9094,3.64251,3.69092,3.9014,0.1,-0.1,0.161993,-14.2289,-6.5882,0
3.69036,3.70878,3.85894,3.67883,3.69365,3.8592,0.1,-0.0615931,0.141575,-7.95763,-10.3214,0
3.81039,3.67993,3.68504,3.79798,3.67243,3.69394,0.1,0.1,0,-2.11353,-15.1306,0
3.81832,3.67609,3.67484,3.80802,3.67568,3.68886,0.1,0.1,0,3.30767,-16.5881,0
3.82288,3.66952,3.66706,3.81799,3.67978,3.6865,0.1,0.1,0,12.5208,-16.7073,0
3.82206,3.66462,3.66492,3.82266,3.68268,3.6868,0.1,0.1,0,19.4798,-15.3591,0
3.8462,3.68467,3.68625,3.84532,3.70495,3.71195,0.1,0.1,0.127878,21.328,-18.7751,0
3.8497,3.68934,3.69816,3.85358,3.71495,3.72113,0.1,0.1,0.173502,25.5146,-15.2012,-6.00288
3.79695,3.77703,3.65946,3.80563,3.8015,3.67578,0.00854819,0.1,0.164303,24.7942,-9.5304,-7.48299
3.70854,3.85613,3.58658,3.72061,3.87612,3.59479,-0.1,0.1,0,21.3408,-3.87004,-8.12217
3.69925,3.86059,3.59949,3.71855,3.87394,3.59375,-0.1,0.1,0,16.1657,7.24962,-8.3192
3.79112,3.7756,3.64489,3.80646,3.79682,3.64497,-0.1,0.0263835,0,12.5543,11.935,-8.36561
3.51468,3.87358,3.7836,3.53622,3.87562,3.76447,-0.1,-0.1,0,7.81428,15.3931,-7.97895
3.50758,3.88094,3.78855,3.52657,3.87837,3.76613,-0.1,-0.1,0,4.04932,16.0133,-9.96263
3.50372,3.89036,3.7928,3.51716,3.87794,3.7664,-0.1,-0.1,0,-4.45494,15.541,-9.12221
3.50568,3.9026,3.79372,3.50947,3.87473,3.7613,-0.1,-0.1,0,-18.8063,14.2802,-9.25223
3.50744,3.90909,3.78852,3.50709,3.87751,3.75649,-0.1,-0.1,0,-22.1745,12.7027,-9.1293
3.66532,3.77503,3.93283,3.66083,3.74454,3.90575,0.1,-0.1,0.319313,-21.4819,8.76089,-9.43414
3.68047,3.78718,3.93135,3.67473,3.76341,3.91222,0.1,-0.1,0.382215,-15.9172,4.6709,-9.25673
3.65599,3.75828,3.88761,3.64506,3.73474,3.87651,0.1,-0.1,0.20233,-16.0716,-1.79785,-4.48756
3.66548,3.75722,3.87777,3.65066,3.73897,3.87563,0.1,-0.1,0.20486,-12.3618,-8.23155,-4.71391
3.64551,3.72556,3.84126,3.62987,3.71176,3.84422,0.1,-0.1,0.0406029,-9.45,-11.0219,-4.84966
3.80065,3.69913,3.64362,3.78749,3.69298,3.65157,0.1,0.1,-0.0812121,-3.41354,-12.2465,-5.0801
3.77407,3.66337,3.60695,3.76519,3.66285,3.61613,0.1,0.1,-0.261849,0.997286,-10.7331,-5.26875
3.78191,3.65985,3.60616,3.77976,3.67017,3.61935,0.1,0.1,-0.236627,10.5573,-9.68214,-5.43743
3.82158,3.69575,3.64706,3.8253,3.71439,3.66257,0.1,0.1,0,18.0562,-8.29309,-5.6918
3.81779,3.69147,3.64932,3.82436,3.71242,3.66417,0.1,0.1,0,20.0382,-7.01303,-5.86614
3.83705,3.71467,3.67943,3.84578,3.73436,3.69074,0.1,0.1,0.140441,19.0347,-4.44789,-6.1027
3.83477,3.71716,3.69072,3.84731,3.73886,3.70008,0.1,0.1,0.17045,21.5583,-1.80685,-6.34417
3.82681,3.71458,3.69539,3.83993,3.73352,3.70131,0.1,0.1,0.156383,19.6712,-0,-6.51062
3.68648,3.68879,3.78355,3.69718,3.70248,3.78649,0.1,-0.027266,0,15.6932,-0,-6.72877
3.64785,3.71776,3.87993,3.65635,3.72692,3.88046,0.1,-0.1,0.152682,12.4055,-0,-6.85267
3.64613,3.72302,3.88924,3.64914,3.7214,3.88428,0.1,-0.1,0.154696,3.12028,-0,-7.10204
3.63014,3.76022,3.87785,3.62839,3.74938,3.86833,0.0657113,-0.1,0.154785,-4.77151,-0,-7.24338
3.56685,3.81893,3.81311,3.55894,3.79617,3.7977,-0.0173235,-0.1,0,-15.5388,-0,-7.43501
3.51888,3.85752,3.75892,3.50604,3.82542,3.73895,-0.0782077,-0.1,-0.140165,-24.1263,-0,-7.60935
3.51966,3.85486,3.75001,3.50726,3.82572,3.73242,-0.0800009,-0.1,-0.157309,-21.4432,-0.902212,-7.77833
3.57472,3.83667,3.78945,3.56078,3.81462,3.78036,-0.0348768,-0.1,0,-15.3339,-6.31451,-7.90261
3.65662,3.76074,3.77153,3.64785,3.74868,3.76713,0.0404424,-0.0472213,0,-6.85172,-5.95284,-8.03426
3.80994,3.70078,3.66661,3.8066,3.69796,3.6659,0.1,0.1,0,0.805027,-4.98108,-8.15928
3.8104,3.69999,3.65831,3.81219,3.7039,3.65906,0.1,0.1,0,6.04642,-3.06368,-8.27663
3.93987,3.67421,3.59436,3.93842,3.6959,3.61002,0.032575,0.1,0,9.78495,-2.77713,-8.3629
3.7099,3.89118,3.55515,3.71946,3.90475,3.55754,-0.1,0.1,0,13.9012,-0,-8.4544
3.70564,3.88976,3.55842,3.71713,3.90501,3.56044,-0.1,0.1,0,15.3965,1.0922,-8.46647
3.69846,3.88948,3.56533,3.71274,3.90499,3.56469,-0.1,0.1,0,15.9523,3.88756,-8.40485
3.72654,3.94341,3.63591,3.74531,3.95757,3.62937,-0.1,0.0853084,0.285419,15.1984,9.5161,-8.25688
3.57872,3.95598,3.79486,3.59967,3.96827,3.78424,-0.1,-0.0867558,0.32806,14.1177,12.9741,-8.11934
3.55649,3.95739,3.8086,3.58179,3.97224,3.79625,-0.1,-0.1,0.319695,17.2265,16.4429,-7.87705
3.78632,3.66161,3.86834,3.80981,3.68061,3.8593,0.1,-0.1,0.204629,10.5988,24.4245,-1.84875
3.58726,3.72838,3.86205,3.61386,3.72107,3.8305,0.1,-0.1,-0.000101723,-1.11246,28.7027,-0.0992249
3.56624,3.71398,3.83979,3.58472,3.69191,3.80221,0.1,-0.1,-0.142958,-14.2289,28.2119,1.13409
3.53412,3.67716,3.79589,3.53751,3.64363,3.76216,0.1,-0.1,-0.38253,-24.4142,18.5914,1.64851
3.55387,3.68732,3.80209,3.54659,3.65026,3.77533,0.1,-0.1,-0.323204,-27.5592,9.86867,1.34816
3.6262,3.74186,3.84861,3.6004,3.70177,3.83693,0.1,-0.1,0,-30.9349,-7.37365,0.496383
3.66401,3.75896,3.85899,3.62554,3.72632,3.86724,0.1,-0.1,0.14491,-24.8255,-24.3576,-0.060866
3.68758,3.76592,3.86654,3.64991,3.74677,3.88456,0.1,-0.1,0.247623,-14.1381,-28.7082,-5.43103
3.94134,3.66311,3.74405,3.90665,3.67133,3.78073,0.1,0.0048905,0.246866,-2.02816,-26.9022,-5.22554
4.01319,3.6405,3.64514,3.98992,3.6681,3.68999,0.1,0.1,0.190225,15.1441,-25.8673,-5.04076
3.98123,3.60211,3.60969,3.96648,3.63634,3.65275,0.1,0.1,0,20.4242,-21.5969,-4.92416
3.97731,3.59676,3.61588,3.97781,3.63553,3.65228,0.1,0.1,0,25.6695,-11.1621,2.32829
3.94502,3.57021,3.60463,3.95705,3.60738,3.62921,0.1,0.1,-0.140311,24.9968,-0.233541,4.95451
3.91319,3.56331,3.63231,3.93864,3.60116,3.64506,0.1,0.0798261,-0.162861,26.8461,12.1457,6.82951
3.7561,3.56569,3.80107,3.78176,3.59577,3.80622,0.1,-0.1,-0.153158,20.9839,15.005,7.75404
3.77815,3.59544,3.8441,3.79654,3.61183,3.84331,0.1,-0.1,0,9.88995,13.3722,8.72914
3.77745,3.60098,3.85654,3.78412,3.59844,3.84994,0.1,-0.1,0,-6.22781,9.88548,11.2208
3.77538,3.61719,3.86263,3.76771,3.59349,3.84901,0.0891622,-0.1,0,-24.8788,6.02673,10.8102
3.72335,3.7302,3.81014,3.70542,3.69817,3.79797,-0.0283748,-0.1,0,-31.7453,-0,9.8753
3.69294,3.79487,3.7761,3.66958,3.76317,3.76935,-0.1,-0.1,0,-30.9639,-5.48942,9.08157
3.67228,3.76177,3.74736,3.64508,3.73497,3.74874,-0.1,-0.1,-0.147712,-26.7542,-11.7301,7.81198
3.66893,3.75058,3.73944,3.64536,3.73275,3.74617,-0.1,-0.1,-0.174298,-18.9713,-12.4791,7.65228
3.67179,3.74376,3.73288,3.65214,3.74037,3.75006,-0.1,-0.1,-0.167713,-6.48433,-16.2408,7.34435
3.76313,3.76822,3.69415,3.75257,3.77633,3.71374,-0.1,-0.0246591,0,3.29672,-12.9422,7.24673
3.86313,3.76204,3.58559,3.8679,3.78358,3.60311,-0.1,0.1,0,14.9781,-4.00156,6.78383
3.86072,3.76271,3.58448,3.87319,3.78582,3.59586,-0.1,0.1,0,15.8076,2.8232,6.67143
3.85397,3.76539,3.58918,3.87808,3.78782,3.58789,-0.1,0.1,0,14.9539,15.4865,5.92567
3.84906,3.76891,3.59314,3.87564,3.78912,3.58706,-0.1,0.1,0,13.183,19.0166,5.69237
3.77251,3.77462,3.67021,3.79695,3.78931,3.66068,-0.1,0.0156613,0,8.64714,19.5536,5.50883
3.66807,3.78027,3.77555,3.6916,3.78844,3.7621,-0.1,-0.1,0,3.84211,21.5568,8.41378
3.63692,3.75852,3.75562,3.6551,3.76068,3.74169,-0.1,-0.1,-0.149942,-0.929896,19.5976,8.69302
3.62929,3.7577,3.75413,3.64149,3.75342,3.73989,-0.1,-0.1,-0.182282,-6.30082,17.331,8.91951
3.62974,3.76092,3.75432,3.63489,3.7496,3.7402,-0.1,-0.1,-0.1892,-12.4031,14.4501,9.02118
3.67415,3.62355,3.79311,3.67223,3.6075,3.78125,0.0238239,-0.1,-0.29845,-16.5918,10.3218,8.75838
3.73818,3.57288,3.84816,3.72684,3.55031,3.83653,0.1,-0.1,-0.181686,-23.6594,5.90501,3.9243
3.74231,3.57071,3.84176,3.72659,3.54861,3.83514,0.1,-0.1,-0.184597,-23.424,1.42533,4.0818
3.76092,3.657,3.68938,3.74056,3.62562,3.6843,0.1,0.1,-0.174226,-20.4428,-11.9538,4.28483
3.80668,3.68654,3.72029,3.78386,3.66268,3.72534,0.1,0.1,0.0451741,-14.0858,-18.6289,4.52422
3.85181,3.71635,3.75396,3.83063,3.70254,3.76757,0.1,0.1,0.273335,-5.41987,-22.3951,4.71152
3.8673,3.71765,3.76195,3.85384,3.72304,3.78725,0.1,0.1,0.361088,11.7908,-24.7758,4.87424
3.85653,3.69767,3.75066,3.85423,3.72272,3.78466,0.1,0.1,0.320984,29.4439,-23.9956,4.9074
3.83199,3.66897,3.72676,3.83314,3.70075,3.76422,0.1,0.1,0.185154,35.0695,-24.8364,4.81963
3.78736,3.64783,3.69231,3.79901,3.68503,3.72479,0.0852333,0.1,0,40.1193,-17.2177,4.61005
3.69514,3.829,3.61097,3.71179,3.86273,3.63512,-0.0981808,0.1,0,37.4366,-10.8911,4.41745
3.68887,3.83691,3.62456,3.71356,3.86017,3.6259,-0.1,0.1,0,27.0626,5.29851,-3.55324
3.68435,3.84373,3.63388,3.71064,3.85703,3.62282,-0.1,0.1,0,18.8987,12.2552,-5.47822
3.67822,3.85443,3.64286,3.70477,3.85481,3.61766,-0.1,0.1,0,7.95529,19.8176,-7.57789
3.66725,3.77506,3.79074,3.68213,3.77678,3.77197,-0.1,-0.1,0,-1.90033,20.4521,-8.83217
3.66496,3.78367,3.79116,3.67131,3.77883,3.77266,-0.1,-0.1,0,-7.73267,16.2337,-11.9456
3.50142,3.8826,3.81578,3.50589,3.85814,3.78584,-0.1,-0.1,0,-13.4613,12.0183,-11.2923
3.50379,3.89099,3.81462,3.49912,3.85663,3.78487,-0.1,-0.1,0,-22.4851,7.83335,-9.31236
3.50551,3.89402,3.8091,3.49772,3.86049,3.78369,-0.1,-0.1,0,-21.8157,4.76948,-8.16021
3.55086,3.81104,3.84037,3.54175,3.78357,3.82216,-0.0141974,-0.1,0,-16.9258,1.01847,-8.09316
3.63125,3.72068,3.90644,3.62343,3.70137,3.89506,0.1,-0.1,0.121796,-10.2575,-1.31616,-7.91532
3.80198,3.63391,3.8743,3.79019,3.63628,3.8824,0.1,-0.1,0.150151,-3.33525,-3.21178,-8.04342
3.80499,3.62963,3.86046,3.79329,3.63693,3.87324,0.1,-0.1,0.131752,-0,-5.39066,-8.18007
3.82257,3.60528,3.79644,3.80991,3.61356,3.81184,0.1,-0.0616723,0,-0,-7.2192,-6.73441
3.93936,3.60394,3.68323,3.9281,3.61004,3.69869,0.1,0.0684398,0,-1.54872,-6.64941,0
3.94817,3.57773,3.63317,3.93786,3.58178,3.64538,0.1,0.1,-0.134651,-3.80569,-4.71333,0
3.94429,3.56561,3.62753,3.93586,3.57098,3.63892,0.1,0.1,-0.176265,-2.60298,-3.84503,0
3.94542,3.56,3.63267,3.93944,3.57115,3.64719,0.1,0.1,-0.166218,2.99145,-4.92241,0
3.8788,3.70088,3.57528,3.87415,3.71591,3.59218,-0.0447501,0.1,-0.126515,6.78908,-6.21068,0
3.86928,3.76982,3.57804,3.86566,3.78866,3.59755,-0.1,0.1,0,10.5711,-7.73984,0
3.8621,3.76467,3.58695,3.86179,3.78544,3.60495,-0.1,0.1,0,12.6871,-5.6496,0
3.85164,3.7624,3.5979,3.85725,3.7838,3.61047,-0.1,0.1,0,13.7566,-0,0
3.72544,3.7641,3.72262,3.73678,3.78357,3.73053,-0.1,-0.0361313,0,13.5521,5.09965,5.49786
3.66142,3.76704,3.78664,3.67639,3.7837,3.78874,-0.1,-0.1,0,11.9053,9.76688,6.87445
3.65409,3.773,3.79547,3.66954,3.78263,3.79051,-0.1,-0.1,0,6.13185,13.6171,7.85501
3.62722,3.75521,3.77701,3.641,3.75763,3.76662,-0.1,-0.1,-0.13331,-0,15.5923,8.1502
3.62405,3.75914,3.77645,3.63303,3.75012,3.75947,-0.1,-0.1,-0.15625,-10.0201,16.7716,8.25444
3.62732,3.76757,3.78099,3.63567,3.74983,3.75598,-0.1,-0.1,-0.142987,-17.7119,21.271,8.29405
3.65739,3.79539,3.8025,3.66129,3.77403,3.77817,-0.1,-0.1,0,-20.9052,19.0473,7.94865
3.66358,3.79809,3.79724,3.66068,3.77206,3.77503,-0.1,-0.1,0,-25.4525,14.8192,7.83272
3.67767,3.78452,3.79391,3.66723,3.7605,3.78107,-0.0871374,-0.1,0,-24.107,6.31547,7.41549
3.77475,3.59992,3.87676,3.76159,3.58044,3.87124,0.1,-0.1,0,-20.5635,1.55769,7.4089
3.86281,3.59511,3.78396,3.84492,3.5857,3.79312,0.1,-0.00495344,0,-12.1831,-8.47274,7.10121
3.92952,3.56325,3.66094,3.91203,3.56073,3.67655,0.1,0.1,-0.153919,-6.76199,-11.478,6.90275
3.73744,3.61007,3.64397,3.72789,3.60391,3.65563,0.1,0.1,-0.354658,1.60323,-15.3447,9.69239
3.73834,3.59891,3.63991,3.73263,3.60131,3.65648,0.1,0.1,-0.365788,8.99379,-16.2274,9.94332
3.76548,3.61689,3.6694,3.76723,3.63314,3.69182,0.1,0.1,-0.196567,21.4903,-15.9058,8.82474
3.803,3.65014,3.7113,3.80802,3.67124,3.73252,0.1,0.1,0.0299572,24.8799,-14.0012,3.56033
3.83283,3.68441,3.74666,3.84027,3.7041,3.76433,0.0969601,0.1,0.223698,23.5466,-11.2738,3.60981
3.79158,3.87531,3.71395,3.80371,3.89597,3.72817,-0.0605368,0.1,0.453718,24.9888,-7.35213,3.54983
3.92179,3.81484,3.66506,3.92847,3.84317,3.68658,-0.1,0.1,0.400405,20.733,-4.40063,3.39568
3.88676,3.78604,3.64069,3.894,3.8096,3.65412,-0.1,0.1,0.220745,16.3249,-0,-1.94544
3.76371,3.7524,3.68832,3.77288,3.77161,3.69536,-0.1,0.00530808,0,13.1423,4.36372,-2.4526
3.63712,3.7292,3.75501,3.64913,3.74095,3.75475,-0.1,-0.1,-0.177492,8.09861,9.69329,2.70553
3.61543,3.72043,3.74755,3.62678,3.72567,3.74131,-0.1,-0.1,-0.26971,2.90531,12.4562,2.51234
3.61477,3.72966,3.75613,3.62273,3.72688,3.74374,-0.1,-0.1,-0.25855,-4.39942,13.9571,0
3.63281,3.75591,3.77761,3.63525,3.7417,3.75923,-0.1,-0.1,-0.157108,-14.5735,14.4077,0
3.66339,3.79109,3.80566,3.65788,3.76522,3.78349,-0.1,-0.1,0,-25.3111,12.4619,0
3.66604,3.79198,3.80024,3.65754,3.76567,3.78052,-0.1,-0.1,0,-25.6982,9.98891,0
3.67081,3.79309,3.79382,3.65701,3.76582,3.77833,-0.1,-0.1,0,-27.0584,5.28362,0
3.67562,3.7909,3.78504,3.65939,3.76938,3.77762,-0.1,-0.1,0,-22.4426,-0,0
3.74737,3.65014,3.84428,3.73276,3.63864,3.84512,0.0400705,-0.1,0,-14.0477,-3.24649,0
3.77999,3.58905,3.86661,3.76746,3.58426,3.87197,0.1,-0.1,0,-8.90027,-4.35827,0
3.78333,3.58418,3.85939,3.77507,3.58893,3.86988,0.1,-0.1,0,-1.09083,-4.80871,0
3.81923,3.57999,3.82435,3.81203,3.58898,3.83789,0.1,-0.0645668,0,1.89375,-6.11445,0
3.96491,3.57626,3.68269,3.95774,3.58508,3.69741,0.1,0.1,0,1.53997,-7.03154,2.64153
3.94679,3.5485,3.65792,3.94256,3.55893,3.67461,0.1,0.1,-0.128246,3.89924,-6.83715,8.68408
3.88643,3.6554,3.59276,3.88227,3.66599,3.60997,-0.0209575,0.1,-0.164016,4.21988,-7.47107,9.62393
3.8509,3.72846,3.5595,3.84708,3.74135,3.57888,-0.1,0.1,-0.152513,6.71255,-8.95773,10.1537
3.85346,3.72892,3.57053,3.8514,3.74328,3.58953,-0.1,0.1,-0.122527,8.4142,-8.22631,9.96355
3.67869,3.81039,3.59811,3.68823,3.81445,3.60102,-0.1,0.1,-0.152482,11.326,-3.90726,9.59117
3.83045,3.71757,3.58025,3.83884,3.73695,3.59076,-0.1,0.1,-0.157499,13.1592,1.2394,4.38161
3.82089,3.71875,3.58637,3.83226,3.73841,3.59439,-0.1,0.1,-0.157524,14.0489,3.81178,4.53383
3.70591,3.74996,3.75227,3.71944,3.76855,3.75734,-0.1,-0.058023,0,13.6466,6.41774,4.6771
3.53188,3.87369,3.84968,3.55426,3.88123,3.84101,-0.1,-0.1,0.183264,16.2102,8.37951,4.8241
3.52397,3.87753,3.85367,3.5448,3.87975,3.84133,-0.1,-0.1,0.176211,11.8906,9.62242,4.92305
3.49139,3.85505,3.82623,3.50791,3.8457,3.80678,-0.1,-0.1,0,1.64922,11.4963,5.06178
3.49441,3.86848,3.82979,3.50675,3.83996,3.7955,-0.1,-0.1,0,-16.071,17.9944,5.11318
3.4992,3.87563,3.82496,3.50779,3.84092,3.78839,-0.1,-0.1,0,-21.5396,17.9178,5.06476
3.76472,3.59456,3.88845,3.76258,3.57109,3.86797,0.1,-0.1,0,-23.0981,14.3986,4.91932
3.61182,3.68649,3.89975,3.60968,3.65485,3.87426,0.1,-0.1,0,-20.0235,7.81391,-0.464687
3.62629,3.68832,3.88293,3.60896,3.65737,3.87242,0.1,-0.1,0,-20.7765,-7.73227,-2.45788
3.77106,3.68348,3.73658,3.7451,3.65917,3.7408,0.1,0.0569251,0,-15.9068,-19.6829,-3.6539
3.84147,3.70248,3.71453,3.81409,3.68641,3.72818,0.1,0.1,0.142694,-9.42894,-25.0006,-4.22444
3.85211,3.6991,3.70914,3.82813,3.69312,3.7294,0.1,0.1,0.166501,-1.35004,-26.5233,-4.57753
3.85452,3.68716,3.70005,3.83758,3.70336,3.73526,0.1,0.1,0.17358,18.4893,-31.275,-5.00515
3.84462,3.6719,3.69097,3.83598,3.70113,3.72938,0.1,0.1,0.130881,29.4726,-29.1853,-7.79991
3.81769,3.64667,3.67143,3.81532,3.67957,3.70714,0.1,0.1,0,32.388,-25.3577,-8.00517
3.7963,3.66809,3.66648,3.80867,3.70778,3.69419,0.0748428,0.1,0,39.0163,-14.0719,-8.1054
3.70248,3.8417,3.59312,3.72473,3.87616,3.60577,-0.1,0.1,0,34.843,-1.52405,-7.99662
3.69545,3.8462,3.60357,3.72172,3.87299,3.60463,-0.1,0.1,0,28.9031,5.91479,-7.72896
3.55687,3.85517,3.74697,3.58913,3.86794,3.72788,-0.1,-0.0531588,0,17.1022,19.6249,-7.90206
3.53605,3.89221,3.82127,3.56602,3.88981,3.78926,-0.1,-0.1,0.14255,4.17153,25.2164,-7.87143
3.53614,3.90593,3.82964,3.56007,3.89157,3.79186,-0.1,-0.1,0.163087,-5.90358,25.2508,-7.52636
3.53703,3.91889,3.82998,3.54879,3.88914,3.78879,-0.1,-0.1,0.16141,-19.4817,21.3125,-7.69724
3.54429,3.93206,3.8262,3.54073,3.88842,3.78619,-0.1,-0.1,0.164881,-32.3319,13.551,-8.03428
3.71204,3.84767,3.79468,3.69627,3.81708,3.77382,-0.1,-0.1,0.173644,-32.3543,8.01082,-8.14579
3.81755,3.65735,3.88134,3.79473,3.63018,3.87074,0.1,-0.1,0.179935,-29.973,-0,-8.43299
3.82185,3.65458,3.86767,3.79813,3.64025,3.86995,0.1,-0.1,0.176091,-19.3671,-6.45145,-9.71769
3.77816,3.60335,3.80969,3.75748,3.60172,3.82511,0.1,-0.1,-0.0903269,-7.69905,-11.4064,-3.23303
3.73431,3.54831,3.75593,3.71586,3.55611,3.7782,0.1,-0.1,-0.367142,-0.390673,-13.813,-3.38152
3.73113,3.53577,3.74816,3.71624,3.54906,3.77207,0.1,-0.1,-0.406448,3.68977,-12.9861,-3.41214
3.87789,3.54517,3.63848,3.87063,3.56512,3.66117,0.1,0.0512738,-0.308061,9.2403,-8.78011,-3.37765
3.97508,3.59541,3.65537,3.97224,3.61251,3.6706,0.1,0.1,0,6.28057,-3.12079,-3.25941
3.92672,3.68726,3.60985,3.92641,3.70203,3.62005,0,0.1,0,4.2904,-0,-3.12977
3.71459,3.87071,3.58977,3.72156,3.87015,3.58675,-0.1,0.1,0,3.61757,-0,3.20569
3.71056,3.86602,3.59647,3.71849,3.8653,3.59308,-0.1,0.1,0,4.37741,-0,4.88901
3.70213,3.8631,3.6041,3.71407,3.86439,3.60012,-0.1,0.1,0,7.40608,2.05277,7.66961
3.60934,3.86308,3.69261,3.62467,3.86808,3.68799,-0.1,0.000806781,0,11.0461,4.13542,5.95607
3.51649,3.86547,3.78112,3.53227,3.87295,3.77531,-0.1,-0.1,0,12.6591,5.12218,0
3.50977,3.87016,3.78273,3.52624,3.87697,3.77574,-0.1,-0.1,0,12.2916,6.39748,0
3.50626,3.87823,3.78435,3.52156,3.87778,3.77149,-0.1,-0.1,0,5.67786,9.32933,0
3.59933,3.70091,3.87679,3.61253,3.69107,3.85684,0.09152,-0.1,0,-2.85158,12.5921,0
3.6053,3.70063,3.8763,3.61646,3.68438,3.85214,0.1,-0.1,0,-8.50765,14.3917,0
3.60878,3.7073,3.872,3.61872,3.68406,3.84221,0.1,-0.1,0,-14.8901,17.5359,0
3.68845,3.73804,3.85026,3.68866,3.7116,3.82716,0.1,-0.0517039,0.162856,-17.968,9.29338,0
3.82147,3.74289,3.7311,3.8138,3.7168,3.71638,0.1,0.0857229,0.200647,-17.9756,1.23143,0
3.84749,3.74031,3.70545,3.82347,3.71335,3.70634,0.1,0.1,0.195786,-19.4997,-15.5187,0
4.008,3.63533,3.66456,3.97607,3.62896,3.68809,0.1,0.1,0.149531,-13.0494,-21.1745,0
3.98275,3.59712,3.63078,3.95511,3.61017,3.66957,0.1,0.1,0,4.46556,-26.8634,0
3.97865,3.58626,3.63002,3.96007,3.6176,3.67813,0.1,0.1,0,20.8386,-27.3112,0
3.97389,3.5769,3.63412,3.96151,3.62093,3.68872,0.1,0.1,0,32.2059,-28.4112,0
3.96274,3.5693,3.64615,3.96282,3.62287,3.69631,0.1,0.1,0,40.8557,-20.5922,-2.54706
3.91613,3.63507,3.63138,3.92941,3.68591,3.66543,0.0307697,0.1,0,38.9823,-6.16609,-2.67409
3.65144,3.74031,3.73017,3.67054,3.78405,3.75119,-0.1,-0.1,-0.129725,33.5327,2.63748,-2.69338
3.63525,3.74178,3.74722,3.6615,3.76858,3.74406,-0.1,-0.1,-0.159088,19.0995,18.5187,-2.62231
3.62921,3.75189,3.76644,3.65319,3.75566,3.74381,-0.1,-0.1,-0.158865,-0.203891,26.9474,0
3.65607,3.79321,3.80639,3.67248,3.77136,3.76885,-0.1,-0.1,0,-21.4988,30.5436,5.85886
3.65905,3.80323,3.81047,3.66397,3.763,3.76647,-0.1,-0.1,0,-37.3477,27.9754,6.91722
3.50083,3.89605,3.83243,3.50442,3.83916,3.77927,-0.1,-0.1,0,-39.9527,22.6992,7.49079
3.66937,3.80726,3.80002,3.656,3.76216,3.76931,-0.1,-0.1,0,-41.3342,12.5917,7.07262
3.68051,3.80279,3.78307,3.65347,3.76863,3.77604,-0.1,-0.1,0,-32.44,-6.62943,5.37114
3.71537,3.74003,3.79959,3.68513,3.71864,3.80558,-0.0402345,-0.1,0,-22.9665,-14.2057,0
3.78614,3.59564,3.85437,3.76157,3.59185,3.87537,0.1,-0.1,0,-7.21489,-18.4394,5.25787
3.78634,3.5878,3.84548,3.77243,3.60112,3.87294,0.1,-0.1,0,7.22707,-15.8711,5.24717
3.7633,3.55659,3.81548,3.75634,3.57936,3.84245,0.1,-0.1,-0.144715,13.6963,-12.1164,0
3.85105,3.57453,3.68519,3.85223,3.60241,3.70912,0.069352,0.0270709,-0.182777,17.7207,-6.68199,0
3.83631,3.74216,3.5463,3.84126,3.76097,3.56024,-0.1,0.1,-0.171598,9.78379,-0,5.06872
3.84787,3.74969,3.55655,3.85347,3.76061,3.56229,-0.1,0.1,-0.129597,2.75037,4.0813,5.77202
3.86984,3.7709,3.58478,3.8783,3.77806,3.58396,-0.1,0.1,0,-0,8.57926,6.02927
3.8652,3.77017,3.58929,3.87489,3.77638,3.58622,-0.1,0.1,0,-0,9.95848,5.96486
3.79442,3.76861,3.65702,3.80547,3.7783,3.65601,-0.1,0.024466,0,4.02205,9.34132,5.91646
3.7098,3.769,3.7394,3.7203,3.78029,3.74056,-0.1,-0.0670483,0,6.10497,7.8407,5.90833
3.67517,3.77031,3.77234,3.684,3.78228,3.77585,-0.1,-0.1,0,7.1682,5.82608,5.93273
3.64537,3.74877,3.7525,3.6517,3.75609,3.75394,-0.1,-0.1,-0.143507,3.14324,5.88472,6.05638
3.63427,3.74745,3.75256,3.64371,3.74742,3.74518,-0.1,-0.1,-0.180195,-2.9135,12.7989,8.90633
3.63563,3.66278,3.75583,3.64417,3.65802,3.74483,-0.0384949,-0.1,-0.340203,-6.83051,14.6328,9.2529
3.73298,3.55944,3.85176,3.73983,3.54907,3.83704,0.1,-0.1,-0.180116,-11.7485,16.0206,9.5466
3.58763,3.65199,3.8603,3.59345,3.62057,3.8316,0.1,-0.0849304,-0.188091,-19.2672,13.092,9.56529
3.71626,3.65197,3.7353,3.7145,3.61753,3.71125,0.1,0.0581106,-0.181414,-22.1542,6.82339,9.58296
3.80271,3.68573,3.72945,3.78767,3.65323,3.71762,0.1,0.1,0.0406794,-21.6812,-6.59359,4.06414
3.85781,3.72352,3.76216,3.83337,3.69718,3.76619,0.1,0.1,0.296048,-16.5972,-19.7827,4.16011
4.04499,3.63913,3.74329,4.01353,3.64667,3.78252,0.1,0.1,0.412632,2.35132,-31.9739,4.20466
4.03148,3.61239,3.723,4.00906,3.64369,3.77714,0.1,0.1,0.345698,23.7818,-34.9307,4.12285
3.99677,3.57046,3.6867,3.97785,3.61305,3.74876,0.1,0.1,0.150723,33.4041,-37.7461,3.94508
3.96383,3.53795,3.66837,3.95791,3.58925,3.72611,0.1,0.1,0,41.2726,-29.2577,3.72738
3.82791,3.70023,3.55317,3.83234,3.75065,3.59965,-0.1,0.1,-0.179665,40.8845,-18.9907,3.57322
3.80909,3.6927,3.5607,3.82444,3.73552,3.58859,-0.1,0.1,-0.23708,34.7551,-4.39123,3.42302
3.80345,3.70561,3.58963,3.82985,3.73293,3.5909,-0.1,0.1,-0.203111,21.9549,14.5459,3.30806
3.63927,3.72669,3.78692,3.67337,3.74209,3.7685,-0.1,-0.096922,-0.123647,12.707,28.318,3.26782
3.65181,3.75959,3.8238,3.68046,3.757,3.79279,-0.1,-0.1,0,-2.46144,31.4989,3.21619
3.64779,3.76724,3.82968,3.66848,3.75346,3.79537,-0.1,-0.1,0,-11.5821,28.9674,3.1773
3.65123,3.77973,3.83445,3.65758,3.74408,3.79251,-0.1,-0.1,0,-31.4584,26.0899,3.08044
3.65564,3.78419,3.82996,3.65148,3.74412,3.794,-0.1,-0.1,0,-35.2124,18.3851,2.98604
3.66665,3.78419,3.81801,3.64644,3.74555,3.79942,-0.1,-0.1,0,-34.204,1.39936,2.86214
3.67704,3.78385,3.8065,3.64574,3.74755,3.80121,-0.1,-0.1,0,-33.1858,-10.4988,2.76648
3.68292,3.77884,3.79438,3.65115,3.75484,3.80178,-0.1,-0.1,0,-23.158,-16.5031,2.71872
3.68634,3.77357,3.78411,3.66017,3.76281,3.79909,-0.1,-0.1,0,-12.5164,-16.9298,2.70411
3.59948,3.85635,3.72579,3.59196,3.85,3.73245,-0.1,-0.0108039,0,2.27682,-12.5325,2.69793
3.85564,3.76274,3.60054,3.85243,3.77915,3.61959,-0.1,0.1,0,9.94909,-7.02344,2.69376
3.85251,3.75846,3.59566,3.86439,3.78774,3.61247,-0.1,0.1,0,21.2298,1.90927,2.68228
3.85142,3.75986,3.59308,3.87079,3.79172,3.60496,-0.1,0.1,0,23.0481,8.08175,2.61299
3.84868,3.76438,3.59534,3.87164,3.79269,3.60002,-0.1,0.1,0,19.6071,13.4098,2.54139
3.81955,3.74408,3.57396,3.84248,3.76667,3.5729,-0.1,0.1,-0.144885,14.6341,16.175,2.50682
3.54701,3.83424,3.70005,3.57692,3.83558,3.67528,-0.1,-0.0161806,-0.182491,7.18835,22.5546,0
3.47206,3.84105,3.78,3.49859,3.83495,3.75111,-0.1,-0.1,-0.175312,1.27847,23.2418,0
3.47405,3.85247,3.79145,3.49572,3.84146,3.76247,-0.1,-0.1,-0.13544,-2.33109,21.2589,0
3.49874,3.88227,3.81387,3.51103,3.86365,3.7867,-0.1,-0.1,0,-9.02235,16.058,0
3.76247,3.60228,3.87864,3.75866,3.59039,3.86842,0.1,-0.1,0,-14.7126,9.65831,0
3.79638,3.63436,3.89832,3.78763,3.62141,3.89206,0.1,-0.1,0.164905,-15.8334,6.05922,0
3.80184,3.63175,3.88488,3.78602,3.62017,3.88714,0.1,-0.1,0.1509,-14.9092,-1.4986,0
3.82683,3.60448,3.81011,3.79996,3.58962,3.82013,0.1,-0.0531685,0,-18.7029,-11.1755,0
3.9673,3.59893,3.67395,3.93354,3.58743,3.69415,0.1,0.1,0,-16.1992,-20.3464,0
3.97362,3.59077,3.6716,3.9421,3.58589,3.69608,0.1,0.1,0,-10.559,-21.6179,0
3.9751,3.57862,3.67017,3.95157,3.58779,3.7006,0.1,0.1,0,2.1111,-21.139,0
3.97054,3.5649,3.67184,3.95884,3.59235,3.7086,0.1,0.1,0,18.8435,-19.255,0
3.94504,3.53385,3.65418,3.93775,3.57038,3.69548,0.1,0.1,-0.125024,27.0037,-20.7169,0
3.88598,3.62114,3.61161,3.88453,3.65742,3.6467,0.00088202,0.1,-0.154739,26.6388,-15.5051,0
3.80022,3.68464,3.54144,3.80602,3.72486,3.5731,-0.1,0.1,-0.322314,30.8109,-10.7921,0
3.73899,3.68788,3.61248,3.75657,3.72056,3.62798,-0.1,0.0380874,-0.308534,25.657,3.31833,5.78588
3.63271,3.71288,3.76485,3.6563,3.73469,3.76572,-0.1,-0.1,-0.190126,17.4745,13.5322,9.98891
3.6485,3.74372,3.80065,3.6722,3.75177,3.78833,-0.1,-0.1,-0.0546386,6.08644,20.0995,11.3532
3.65864,3.76552,3.82234,3.67781,3.76138,3.80235,-0.1,-0.1,0.0302912,-3.93381,21.5088,11.4192
3.69914,3.81427,3.86472,3.70891,3.79381,3.8375,-0.1,-0.1,0.251971,-18.3108,20.588,10.8056
3.70456,3.82356,3.8635,3.70072,3.78673,3.83315,-0.1,-0.1,0.248121,-33.2723,15.4701,9.99141
3.69267,3.80756,3.83825,3.68018,3.76881,3.81444,-0.1,-0.1,0.142845,-34.9087,8.06579,9.48839
3.67618,3.78497,3.80651,3.65366,3.74524,3.78908,-0.1,-0.1,0,-37.0557,-0,4.58218
3.68351,3.78373,3.79757,3.65907,3.75088,3.78914,-0.1,-0.1,0,-31.6073,-5.01665,4.70586
3.65544,3.74445,3.75181,3.63326,3.72639,3.75612,-0.1,-0.1,-0.191516,-19.1651,-10.0702,4.88609
3.72253,3.7322,3.66614,3.70688,3.73007,3.67998,-0.1,-0.0158092,-0.222586,-5.28417,-11.4583,5.05716
3.82492,3.7298,3.56204,3.81693,3.73987,3.58053,-0.1,0.1,-0.209428,4.54838,-9.79109,5.1976
3.83073,3.73198,3.56281,3.83417,3.75387,3.5818,-0.1,0.1,-0.169101,14.4855,-4.13068,5.37969
3.82426,3.72486,3.55702,3.8393,3.75893,3.57668,-0.1,0.1,-0.17925,25.4504,1.38741,5.5249
3.8197,3.72496,3.55739,3.83925,3.76037,3.57393,-0.1,0.1,-0.180391,26.5162,5.01843,5.61945
3.81419,3.73002,3.56429,3.83705,3.76038,3.57258,-0.1,0.1,-0.17341,22.0723,10.8628,5.79678
3.8381,3.76746,3.60418,3.86083,3.78798,3.60286,-0.1,0.1,0.00301427,13.7071,15.8225,5.97909
3.75244,3.8085,3.76219,3.77892,3.82182,3.75001,-0.1,-0.0320748,0.207298,8.22666,23.8357,6.10337
3.69041,3.81671,3.83129,3.71458,3.82253,3.81401,-0.1,-0.1,0.225772,2.56952,25.6382,6.26244
3.67278,3.7309,3.823,3.69056,3.72838,3.80388,-0.0474507,-0.1,0,-4.3053,23.6041,6.43536
3.74528,3.59263,3.89877,3.75504,3.58235,3.88001,0.1,-0.1,0,-10.7899,19.7978,6.54727
3.75109,3.59727,3.89849,3.75029,3.57999,3.88337,0.1,-0.1,0,-16.8631,13.0642,6.66261
3.73813,3.57503,3.8711,3.72426,3.55407,3.86545,0.1,-0.1,-0.128228,-20.1952,1.63098,6.78316
3.74763,3.56852,3.8619,3.72235,3.54787,3.86807,0.1,-0.1,-0.142438,-20.1048,-10.2104,6.9014
3.76203,3.5666,3.85856,3.72668,3.54246,3.87141,0.1,-0.1,-0.133611,-24.0721,-18.781,7.00109
3.78985,3.58587,3.87575,3.74895,3.56852,3.90106,0.1,-0.1,0,-17.6493,-28.6866,7.1729
3.92973,3.55501,3.67815,3.89302,3.54572,3.70738,0.1,0.1,-0.151273,-9.90078,-28.5357,7.29486
3.92804,3.54984,3.67458,3.89459,3.55078,3.71084,0.1,0.1,-0.151588,-0.0575805,-30.6245,7.40945
3.92361,3.54296,3.67185,3.89849,3.55713,3.71304,0.1,0.1,-0.153086,12.6545,-28.7408,7.46876
3.86298,3.72798,3.61631,3.84926,3.75474,3.65872,-0.0684423,0.1,0,24.7458,-23.0958,7.51533
3.8443,3.75691,3.6024,3.83718,3.78732,3.64188,-0.1,0.1,0,28.2536,-17.8135,7.52896
